254 239 239 239 239 250 255 240 239 242 250 239 239 239 239 254
239   0   0   0   0 175 255  16   0  48 175   0   0   0   0 239
239   0   0   0   0 175 255  16   0  48 175   0   0   0   0 239
239   0   0   0   0 175 164   9 112 138 175   0   0   0   0 239
239   0   0   0   0 175  48 134 246 138 175   0   0   0   0 239
250 175 175 175 175 230  48  75  86 190 230 175 175 175 175 250
255 216  48 138 138  48   9   0 197  48  48  48 164 255 255 255
255 252 164   7 141  75   0 224 254 194   0 105 114 180 255 255
254 239 169 121 246  86 210  16 255 210  86 141  16   5  13 240
242  48 113 255 138 190 216  13 252 216 190 138 228  98 216 255
250 175 175 175 175 230  48  75 239  48 230 210 112 175 255 255
239   0   0   0   0 175 138 246 246 138 210 126 126 210 164 248
239   0   0   0   0 175 138 112 121 228 156 143  63 112 137 248
239   0   0   0   0 175  48 164 169  65  25 122 175 175 240 255
239   0   0   0   0 175 216  58 239  39 142  21 164 255 255 255
254 239 239 239 239 250 255 240 254 242 250 239 248 255 255 255
254 239 239 239 239 250 255 240 239 242 250 239 239 239 239 254
239   0   0   0   0 175 255  16   0  48 175   0   0   0   0 239
239   0   0   0   0 175 255  16   0  48 175   0   0   0   0 239
239   0   0   0   0 175 164   9 112 138 175   0   0   0   0 239
239   0   0   0   0 175  48 134 246 138 175   0   0   0   0 239
250 175 175 175 175 230  48  75  86 190 230 175 175 175 175 250
255 216  48 138 138  48   9   0 197  48  48  48 164 255 255 255
255 252 164   7 141  75   0 224 254 194   0 105 114 180 255 255
254 239 169 121 246  86 210  16 255 210  86 141  16   5  13 240
242  48 113 255 138 190 216  13 252 216 190 138 228  98 216 255
250 175 175 175 175 230  48  75 239  48 230 210 112 175 255 255
239   0   0   0   0 175 138 246 246 138 210 126 126 210 164 248
239   0   0   0   0 175 138 112 121 228 156 143  63 112 137 248
239   0   0   0   0 175  48 164 169  65  25 122 175 175 240 255
239   0   0   0   0 175 216  58 239  39 142  21 164 255 255 255
254 239 239 239 239 250 255 240 254 242 250 239 248 255 255 255
254 239 239 239 239 250 255 240 239 242 250 239 239 239 239 254
239   0   0   0   0 175 255  16   0  48 175   0   0   0   0 239
239   0   0   0   0 175 255  16   0  48 175   0   0   0   0 239
239   0   0   0   0 175 164   9 112 138 175   0   0   0   0 239
239   0   0   0   0 175  48 134 246 138 175   0   0   0   0 239
250 175 175 175 175 230  48  75  86 190 230 175 175 175 175 250
255 216  48 138 138  48   9   0 197  48  48  48 164 255 255 255
255 252 164   7 141  75   0 224 254 194   0 105 114 180 255 255
254 239 169 121 246  86 210  16 255 210  86 141  16   5  13 240
242  48 113 255 138 190 216  13 252 216 190 138 228  98 216 255
250 175 175 175 175 230  48  75 239  48 230 210 112 175 255 255
239   0   0   0   0 175 138 246 246 138 210 126 126 210 164 248
239   0   0   0   0 175 138 112 121 228 156 143  63 112 137 248
239   0   0   0   0 175  48 164 169  65  25 122 175 175 240 255
239   0   0   0   0 175 216  58 239  39 142  21 164 255 255 255
254 239 239 239 239 250 255 240 254 242 250 239 248 255 255 255

217 166 166 166 167 207 249 216 188 227 245 227 219 231 211 252
166 112 133 140 114 156 241 201 156 164 141 125 134 191 195 251
166 133  69  81 109 154 218 143  75 112 142 131 112 172 179 243
166 140  81  95 117 147 183 145  97 120 131 101  77 145 182 223
167 114 109 117 108 134 158 169 141 127 128  71  77  94 140 204
192 119 123 134 128 144 114  93 126 154 148 129 139  84 143 205
188 118 102 133 141 144 135  95 128 194 168 170 160 100 113 212
198 139  79 124 111 113 155 161 167 183 150 141 137 150 117 194
213 145  98 127 126  97  98 144 137 106 105 123 116 149 127 185
221 173 162 153 162 113  61 102 140 127 136 171 156 143 168 221
207 156 154 147 134 136 108 113 150 168 156 140 142 130 151 207
167 114 109 117 108 140 153 134 159 180 144 108 117 109 114 167
166 140  81  95 117 142 133 129 174 194 156 117  95  81 140 166
166 133  69  81 109 130 150 126 141 176 137 109  81  69 133 166
166 112 133 140 114 151 228 189 175 197 138 114 140 133 112 166
217 166 166 166 167 207 249 252 235 217 193 167 166 166 166 217
217 166 166 166 167 207 249 216 188 227 245 227 219 231 211 252
166 112 133 140 114 156 241 201 156 164 141 125 134 191 195 251
166 133  69  81 109 154 218 143  75 112 142 131 112 172 179 243
166 140  81  95 117 147 183 145  97 120 131 101  77 145 182 223
167 114 109 117 108 134 158 169 141 127 128  71  77  94 140 204
192 119 123 134 128 144 114  93 126 154 148 129 139  84 143 205
188 118 102 133 141 144 135  95 128 194 168 170 160 100 113 212
198 139  79 124 111 113 155 161 167 183 150 141 137 150 117 194
213 145  98 127 126  97  98 144 137 106 105 123 116 149 127 185
221 173 162 153 162 113  61 102 140 127 136 171 156 143 168 221
207 156 154 147 134 136 108 113 150 168 156 140 142 130 151 207
167 114 109 117 108 140 153 134 159 180 144 108 117 109 114 167
166 140  81  95 117 142 133 129 174 194 156 117  95  81 140 166
166 133  69  81 109 130 150 126 141 176 137 109  81  69 133 166
166 112 133 140 114 151 228 189 175 197 138 114 140 133 112 166
217 166 166 166 167 207 249 252 235 217 193 167 166 166 166 217
217 166 166 166 167 207 249 216 188 227 245 227 219 231 211 252
166 112 133 140 114 156 241 201 156 164 141 125 134 191 195 251
166 133  69  81 109 154 218 143  75 112 142 131 112 172 179 243
166 140  81  95 117 147 183 145  97 120 131 101  77 145 182 223
167 114 109 117 108 134 158 169 141 127 128  71  77  94 140 204
192 119 123 134 128 144 114  93 126 154 148 129 139  84 143 205
188 118 102 133 141 144 135  95 128 194 168 170 160 100 113 212
198 139  79 124 111 113 155 161 167 183 150 141 137 150 117 194
213 145  98 127 126  97  98 144 137 106 105 123 116 149 127 185
221 173 162 153 162 113  61 102 140 127 136 171 156 143 168 221
207 156 154 147 134 136 108 113 150 168 156 140 142 130 151 207
167 114 109 117 108 140 153 134 159 180 144 108 117 109 114 167
166 140  81  95 117 142 133 129 174 194 156 117  95  81 140 166
166 133  69  81 109 130 150 126 141 176 137 109  81  69 133 166
166 112 133 140 114 151 228 189 175 197 138 114 140 133 112 166
217 166 166 166 167 207 249 252 235 217 193 167 166 166 166 217

252 251 243 223 204 205 212 194 185 221 207 167 166 166 166 217
211 195 179 182 140 143 113 117 127 168 151 114 140 133 112 166
231 191 172 145  94  84 100 150 149 143 130 109  81  69 133 166
219 134 112  77  77 139 160 137 116 156 142 117  95  81 140 166
227 125 131 101  71 129 170 141 123 171 140 108 117 109 114 167
245 141 142 131 128 148 168 150 105 136 156 144 156 137 138 193
227 164 112 120 127 154 194 183 106 127 168 180 194 176 197 217
188 156  75  97 141 126 128 167 137 140 150 159 174 141 175 235
216 201 143 145 169  93  95 161 144 102 113 134 129 126 189 252
249 241 218 183 158 114 135 155  98  61 108 153 133 150 228 249
207 156 154 147 134 144 144 113  97 113 136 140 142 130 151 207
167 114 109 117 108 128 141 111 126 162 134 108 117 109 114 167
166 140  81  95 117 134 133 124 127 153 147 117  95  81 140 166
166 133  69  81 109 123 102  79  98 162 154 109  81  69 133 166
166 112 133 140 114 119 118 139 145 173 156 114 140 133 112 166
217 166 166 166 167 192 188 198 213 221 207 167 166 166 166 217
252 251 243 223 204 205 212 194 185 221 207 167 166 166 166 217
211 195 179 182 140 143 113 117 127 168 151 114 140 133 112 166
231 191 172 145  94  84 100 150 149 143 130 109  81  69 133 166
219 134 112  77  77 139 160 137 116 156 142 117  95  81 140 166
227 125 131 101  71 129 170 141 123 171 140 108 117 109 114 167
245 141 142 131 128 148 168 150 105 136 156 144 156 137 138 193
227 164 112 120 127 154 194 183 106 127 168 180 194 176 197 217
188 156  75  97 141 126 128 167 137 140 150 159 174 141 175 235
216 201 143 145 169  93  95 161 144 102 113 134 129 126 189 252
249 241 218 183 158 114 135 155  98  61 108 153 133 150 228 249
207 156 154 147 134 144 144 113  97 113 136 140 142 130 151 207
167 114 109 117 108 128 141 111 126 162 134 108 117 109 114 167
166 140  81  95 117 134 133 124 127 153 147 117  95  81 140 166
166 133  69  81 109 123 102  79  98 162 154 109  81  69 133 166
166 112 133 140 114 119 118 139 145 173 156 114 140 133 112 166
217 166 166 166 167 192 188 198 213 221 207 167 166 166 166 217
252 251 243 223 204 205 212 194 185 221 207 167 166 166 166 217
211 195 179 182 140 143 113 117 127 168 151 114 140 133 112 166
231 191 172 145  94  84 100 150 149 143 130 109  81  69 133 166
219 134 112  77  77 139 160 137 116 156 142 117  95  81 140 166
227 125 131 101  71 129 170 141 123 171 140 108 117 109 114 167
245 141 142 131 128 148 168 150 105 136 156 144 156 137 138 193
227 164 112 120 127 154 194 183 106 127 168 180 194 176 197 217
188 156  75  97 141 126 128 167 137 140 150 159 174 141 175 235
216 201 143 145 169  93  95 161 144 102 113 134 129 126 189 252
249 241 218 183 158 114 135 155  98  61 108 153 133 150 228 249
207 156 154 147 134 144 144 113  97 113 136 140 142 130 151 207
167 114 109 117 108 128 141 111 126 162 134 108 117 109 114 167
166 140  81  95 117 134 133 124 127 153 147 117  95  81 140 166
166 133  69  81 109 123 102  79  98 162 154 109  81  69 133 166
166 112 133 140 114 119 118 139 145 173 156 114 140 133 112 166
217 166 166 166 167 192 188 198 213 221 207 167 166 166 166 217

217 166 166 166 167 193 217 235 252 249 207 167 166 166 166 217
166 112 133 140 114 138 197 175 189 228 151 114 140 133 112 166
166 133  69  81 109 137 176 141 126 150 130 109  81  69 133 166
166 140  81  95 117 156 194 174 129 133 142 117  95  81 140 166
167 114 109 117 108 144 180 159 134 153 140 108 117 109 114 167
207 151 130 142 140 156 168 150 113 108 136 134 147 154 156 207
221 168 143 156 171 136 127 140 102  61 113 162 153 162 173 221
185 127 149 116 123 105 106 137 144  98  97 126 127  98 145 213
194 117 150 137 141 150 183 167 161 155 113 111 124  79 139 198
212 113 100 160 170 168 194 128  95 135 144 141 133 102 118 188
205 143  84 139 129 148 154 126  93 114 144 128 134 123 119 192
204 140  94  77  71 128 127 141 169 158 134 108 117 109 114 167
223 182 145  77 101 131 120  97 145 183 147 117  95  81 140 166
243 179 172 112 131 142 112  75 143 218 154 109  81  69 133 166
251 195 191 134 125 141 164 156 201 241 156 114 140 133 112 166
252 211 231 219 227 245 227 188 216 249 207 167 166 166 166 217
217 166 166 166 167 193 217 235 252 249 207 167 166 166 166 217
166 112 133 140 114 138 197 175 189 228 151 114 140 133 112 166
166 133  69  81 109 137 176 141 126 150 130 109  81  69 133 166
166 140  81  95 117 156 194 174 129 133 142 117  95  81 140 166
167 114 109 117 108 144 180 159 134 153 140 108 117 109 114 167
207 151 130 142 140 156 168 150 113 108 136 134 147 154 156 207
221 168 143 156 171 136 127 140 102  61 113 162 153 162 173 221
185 127 149 116 123 105 106 137 144  98  97 126 127  98 145 213
194 117 150 137 141 150 183 167 161 155 113 111 124  79 139 198
212 113 100 160 170 168 194 128  95 135 144 141 133 102 118 188
205 143  84 139 129 148 154 126  93 114 144 128 134 123 119 192
204 140  94  77  71 128 127 141 169 158 134 108 117 109 114 167
223 182 145  77 101 131 120  97 145 183 147 117  95  81 140 166
243 179 172 112 131 142 112  75 143 218 154 109  81  69 133 166
251 195 191 134 125 141 164 156 201 241 156 114 140 133 112 166
252 211 231 219 227 245 227 188 216 249 207 167 166 166 166 217
217 166 166 166 167 193 217 235 252 249 207 167 166 166 166 217
166 112 133 140 114 138 197 175 189 228 151 114 140 133 112 166
166 133  69  81 109 137 176 141 126 150 130 109  81  69 133 166
166 140  81  95 117 156 194 174 129 133 142 117  95  81 140 166
167 114 109 117 108 144 180 159 134 153 140 108 117 109 114 167
207 151 130 142 140 156 168 150 113 108 136 134 147 154 156 207
221 168 143 156 171 136 127 140 102  61 113 162 153 162 173 221
185 127 149 116 123 105 106 137 144  98  97 126 127  98 145 213
194 117 150 137 141 150 183 167 161 155 113 111 124  79 139 198
212 113 100 160 170 168 194 128  95 135 144 141 133 102 118 188
205 143  84 139 129 148 154 126  93 114 144 128 134 123 119 192
204 140  94  77  71 128 127 141 169 158 134 108 117 109 114 167
223 182 145  77 101 131 120  97 145 183 147 117  95  81 140 166
243 179 172 112 131 142 112  75 143 218 154 109  81  69 133 166
251 195 191 134 125 141 164 156 201 241 156 114 140 133 112 166
252 211 231 219 227 245 227 188 216 249 207 167 166 166 166 217
