255 255 255 255 255 255 255 255 255 255 255 255 255 255 255 255
255 255 255 255 255   0 255 255   0 255   0 255 255 255 255 255
255 255   0   0 255   0   0   0   0   0   0 255   0   0 255 255
255 255   0   0 255   0   0   0 255   0   0 255   0   0 255 255
255 255 255 255 255   0 255   0   0 255   0 255 255 255 255 255
255   0   0   0   0   0   0 255 255   0   0   0   0   0   0 255
255 255 255 255   0   0 255   0   0 255   0 255   0   0 255 255
255   0   0 255 255 255 255   0 255 255   0 255   0   0   0 255
255 255 255 255 255 255   0   0 255   0 255 255   0   0   0 255
255   0 255   0   0   0 255 255   0 255   0 255 255   0   0 255
255   0   0   0   0   0 255   0 255 255 255   0 255 255 255 255
255 255 255 255 255   0   0   0 255   0 255   0   0 255 255 255
255 255   0   0 255   0 255   0 255   0   0   0 255   0 255 255
255 255   0   0 255   0 255 255   0 255   0 255 255   0   0 255
255 255 255 255 255   0 255   0 255   0   0 255   0   0 255 255
255 255 255 255 255 255 255 255 255 255 255 255 255 255 255 255
255 255 255 255 255 255 255 255 255 255 255 255 255 255 255 255
255 255 255 255 255   0 255 255   0 255   0 255 255 255 255 255
255 255   0   0 255   0   0   0   0   0   0 255   0   0 255 255
255 255   0   0 255   0   0   0 255   0   0 255   0   0 255 255
255 255 255 255 255   0 255   0   0 255   0 255 255 255 255 255
255   0   0   0   0   0   0 255 255   0   0   0   0   0   0 255
255 255 255 255   0   0 255   0   0 255   0 255   0   0 255 255
255   0   0 255 255 255 255   0 255 255   0 255   0   0   0 255
255 255 255 255 255 255   0   0 255   0 255 255   0   0   0 255
255   0 255   0   0   0 255 255   0 255   0 255 255   0   0 255
255   0   0   0   0   0 255   0 255 255 255   0 255 255 255 255
255 255 255 255 255   0   0   0 255   0 255   0   0 255 255 255
255 255   0   0 255   0 255   0 255   0   0   0 255   0 255 255
255 255   0   0 255   0 255 255   0 255   0 255 255   0   0 255
255 255 255 255 255   0 255   0 255   0   0 255   0   0 255 255
255 255 255 255 255 255 255 255 255 255 255 255 255 255 255 255
255 255 255 255 255 255 255 255 255 255 255 255 255 255 255 255
255 255 255 255 255   0 255 255   0 255   0 255 255 255 255 255
255 255   0   0 255   0   0   0   0   0   0 255   0   0 255 255
255 255   0   0 255   0   0   0 255   0   0 255   0   0 255 255
255 255 255 255 255   0 255   0   0 255   0 255 255 255 255 255
255   0   0   0   0   0   0 255 255   0   0   0   0   0   0 255
255 255 255 255   0   0 255   0   0 255   0 255   0   0 255 255
255   0   0 255 255 255 255   0 255 255   0 255   0   0   0 255
255 255 255 255 255 255   0   0 255   0 255 255   0   0   0 255
255   0 255   0   0   0 255 255   0 255   0 255 255   0   0 255
255   0   0   0   0   0 255   0 255 255 255   0 255 255 255 255
255 255 255 255 255   0   0   0 255   0 255   0   0 255 255 255
255 255   0   0 255   0 255   0 255   0   0   0 255   0 255 255
255 255   0   0 255   0 255 255   0 255   0 255 255   0   0 255
255 255 255 255 255   0 255   0 255   0   0 255   0   0 255 255
255 255 255 255 255 255 255 255 255 255 255 255 255 255 255 255

217 166 166 166 167 193 214 235 232 188 206 251 248 206 240 252
166 112 133 140 114 138 154 164 139  59 143 235 213 117 156 198
166 133  69  81 109 134 116  93  97  84 167 182 134  98  77 164
166 140  81  95 117 143 146  84 110 131 136 134 176 209 131 180
167 114 109 117 108 136 144 103 138 136 109 110 153 177 147 223
193 138 134 143 136 167 158  80 109 107  85  91 130 156 133 244
189 130 136 183 165 190 193 107  89 139 145 119 124 153 157 249
196 125  94 155 134 151 161 117 124 188 184 168 132 125 130 216
199 163  81  99 105 104 103 130 149 156 117 105 113 158 126 215
191 164 124 133 136 129 148 191 150 127 139 133 158 208 206 247
193 138 134 143 134 150 190 192 150 153 159 140 152 158 156 207
167 114 109 117 108 131 176 182 165 144 119 108 117 109 114 167
166 140  81  95 117 152 190 158 132 128 124 117  95  81 140 166
166 133  69  81 109 158 176 138 167 178 140 109  81  69 133 166
166 112 133 140 114 156 173 124 149 170 136 114 140 133 112 166
217 166 166 166 167 207 221 180 181 221 205 167 166 166 166 217
217 166 166 166 167 193 214 235 232 188 206 251 248 206 240 252
166 112 133 140 114 138 154 164 139  59 143 235 213 117 156 198
166 133  69  81 109 134 116  93  97  84 167 182 134  98  77 164
166 140  81  95 117 143 146  84 110 131 136 134 176 209 131 180
167 114 109 117 108 136 144 103 138 136 109 110 153 177 147 223
193 138 134 143 136 167 158  80 109 107  85  91 130 156 133 244
189 130 136 183 165 190 193 107  89 139 145 119 124 153 157 249
196 125  94 155 134 151 161 117 124 188 184 168 132 125 130 216
199 163  81  99 105 104 103 130 149 156 117 105 113 158 126 215
191 164 124 133 136 129 148 191 150 127 139 133 158 208 206 247
193 138 134 143 134 150 190 192 150 153 159 140 152 158 156 207
167 114 109 117 108 131 176 182 165 144 119 108 117 109 114 167
166 140  81  95 117 152 190 158 132 128 124 117  95  81 140 166
166 133  69  81 109 158 176 138 167 178 140 109  81  69 133 166
166 112 133 140 114 156 173 124 149 170 136 114 140 133 112 166
217 166 166 166 167 207 221 180 181 221 205 167 166 166 166 217
217 166 166 166 167 193 214 235 232 188 206 251 248 206 240 252
166 112 133 140 114 138 154 164 139  59 143 235 213 117 156 198
166 133  69  81 109 134 116  93  97  84 167 182 134  98  77 164
166 140  81  95 117 143 146  84 110 131 136 134 176 209 131 180
167 114 109 117 108 136 144 103 138 136 109 110 153 177 147 223
193 138 134 143 136 167 158  80 109 107  85  91 130 156 133 244
189 130 136 183 165 190 193 107  89 139 145 119 124 153 157 249
196 125  94 155 134 151 161 117 124 188 184 168 132 125 130 216
199 163  81  99 105 104 103 130 149 156 117 105 113 158 126 215
191 164 124 133 136 129 148 191 150 127 139 133 158 208 206 247
193 138 134 143 134 150 190 192 150 153 159 140 152 158 156 207
167 114 109 117 108 131 176 182 165 144 119 108 117 109 114 167
166 140  81  95 117 152 190 158 132 128 124 117  95  81 140 166
166 133  69  81 109 158 176 138 167 178 140 109  81  69 133 166
166 112 133 140 114 156 173 124 149 170 136 114 140 133 112 166
217 166 166 166 167 207 221 180 181 221 205 167 166 166 166 217

252 198 164 180 223 244 249 216 215 247 207 167 166 166 166 217
240 156  77 131 147 133 157 130 126 206 156 114 140 133 112 166
206 117  98 209 177 156 153 125 158 208 158 109  81  69 133 166
248 213 134 176 153 130 124 132 113 158 152 117  95  81 140 166
251 235 182 134 110  91 119 168 105 133 140 108 117 109 114 167
206 143 167 136 109  85 145 184 117 139 159 119 124 140 136 205
188  59  84 131 136 107 139 188 156 127 153 144 128 178 170 221
232 139  97 110 138 109  89 124 149 150 150 165 132 167 149 181
235 164  93  84 103  80 107 117 130 191 192 182 158 138 124 180
214 154 116 146 144 158 193 161 103 148 190 176 190 176 173 221
193 138 134 143 136 167 190 151 104 129 150 131 152 158 156 207
167 114 109 117 108 136 165 134 105 136 134 108 117 109 114 167
166 140  81  95 117 143 183 155  99 133 143 117  95  81 140 166
166 133  69  81 109 134 136  94  81 124 134 109  81  69 133 166
166 112 133 140 114 138 130 125 163 164 138 114 140 133 112 166
217 166 166 166 167 193 189 196 199 191 193 167 166 166 166 217
252 198 164 180 223 244 249 216 215 247 207 167 166 166 166 217
240 156  77 131 147 133 157 130 126 206 156 114 140 133 112 166
206 117  98 209 177 156 153 125 158 208 158 109  81  69 133 166
248 213 134 176 153 130 124 132 113 158 152 117  95  81 140 166
251 235 182 134 110  91 119 168 105 133 140 108 117 109 114 167
206 143 167 136 109  85 145 184 117 139 159 119 124 140 136 205
188  59  84 131 136 107 139 188 156 127 153 144 128 178 170 221
232 139  97 110 138 109  89 124 149 150 150 165 132 167 149 181
235 164  93  84 103  80 107 117 130 191 192 182 158 138 124 180
214 154 116 146 144 158 193 161 103 148 190 176 190 176 173 221
193 138 134 143 136 167 190 151 104 129 150 131 152 158 156 207
167 114 109 117 108 136 165 134 105 136 134 108 117 109 114 167
166 140  81  95 117 143 183 155  99 133 143 117  95  81 140 166
166 133  69  81 109 134 136  94  81 124 134 109  81  69 133 166
166 112 133 140 114 138 130 125 163 164 138 114 140 133 112 166
217 166 166 166 167 193 189 196 199 191 193 167 166 166 166 217
252 198 164 180 223 244 249 216 215 247 207 167 166 166 166 217
240 156  77 131 147 133 157 130 126 206 156 114 140 133 112 166
206 117  98 209 177 156 153 125 158 208 158 109  81  69 133 166
248 213 134 176 153 130 124 132 113 158 152 117  95  81 140 166
251 235 182 134 110  91 119 168 105 133 140 108 117 109 114 167
206 143 167 136 109  85 145 184 117 139 159 119 124 140 136 205
188  59  84 131 136 107 139 188 156 127 153 144 128 178 170 221
232 139  97 110 138 109  89 124 149 150 150 165 132 167 149 181
235 164  93  84 103  80 107 117 130 191 192 182 158 138 124 180
214 154 116 146 144 158 193 161 103 148 190 176 190 176 173 221
193 138 134 143 136 167 190 151 104 129 150 131 152 158 156 207
167 114 109 117 108 136 165 134 105 136 134 108 117 109 114 167
166 140  81  95 117 143 183 155  99 133 143 117  95  81 140 166
166 133  69  81 109 134 136  94  81 124 134 109  81  69 133 166
166 112 133 140 114 138 130 125 163 164 138 114 140 133 112 166
217 166 166 166 167 193 189 196 199 191 193 167 166 166 166 217

217 166 166 166 167 205 221 181 180 221 207 167 166 166 166 217
166 112 133 140 114 136 170 149 124 173 156 114 140 133 112 166
166 133  69  81 109 140 178 167 138 176 158 109  81  69 133 166
166 140  81  95 117 124 128 132 158 190 152 117  95  81 140 166
167 114 109 117 108 119 144 165 182 176 131 108 117 109 114 167
207 156 158 152 140 159 153 150 192 190 150 134 143 134 138 193
247 206 208 158 133 139 127 150 191 148 129 136 133 124 164 191
215 126 158 113 105 117 156 149 130 103 104 105  99  81 163 199
216 130 125 132 168 184 188 124 117 161 151 134 155  94 125 196
249 157 153 124 119 145 139  89 107 193 190 165 183 136 130 189
244 133 156 130  91  85 107 109  80 158 167 136 143 134 138 193
223 147 177 153 110 109 136 138 103 144 136 108 117 109 114 167
180 131 209 176 134 136 131 110  84 146 143 117  95  81 140 166
164  77  98 134 182 167  84  97  93 116 134 109  81  69 133 166
198 156 117 213 235 143  59 139 164 154 138 114 140 133 112 166
252 240 206 248 251 206 188 232 235 214 193 167 166 166 166 217
217 166 166 166 167 205 221 181 180 221 207 167 166 166 166 217
166 112 133 140 114 136 170 149 124 173 156 114 140 133 112 166
166 133  69  81 109 140 178 167 138 176 158 109  81  69 133 166
166 140  81  95 117 124 128 132 158 190 152 117  95  81 140 166
167 114 109 117 108 119 144 165 182 176 131 108 117 109 114 167
207 156 158 152 140 159 153 150 192 190 150 134 143 134 138 193
247 206 208 158 133 139 127 150 191 148 129 136 133 124 164 191
215 126 158 113 105 117 156 149 130 103 104 105  99  81 163 199
216 130 125 132 168 184 188 124 117 161 151 134 155  94 125 196
249 157 153 124 119 145 139  89 107 193 190 165 183 136 130 189
244 133 156 130  91  85 107 109  80 158 167 136 143 134 138 193
223 147 177 153 110 109 136 138 103 144 136 108 117 109 114 167
180 131 209 176 134 136 131 110  84 146 143 117  95  81 140 166
164  77  98 134 182 167  84  97  93 116 134 109  81  69 133 166
198 156 117 213 235 143  59 139 164 154 138 114 140 133 112 166
252 240 206 248 251 206 188 232 235 214 193 167 166 166 166 217
217 166 166 166 167 205 221 181 180 221 207 167 166 166 166 217
166 112 133 140 114 136 170 149 124 173 156 114 140 133 112 166
166 133  69  81 109 140 178 167 138 176 158 109  81  69 133 166
166 140  81  95 117 124 128 132 158 190 152 117  95  81 140 166
167 114 109 117 108 119 144 165 182 176 131 108 117 109 114 167
207 156 158 152 140 159 153 150 192 190 150 134 143 134 138 193
247 206 208 158 133 139 127 150 191 148 129 136 133 124 164 191
215 126 158 113 105 117 156 149 130 103 104 105  99  81 163 199
216 130 125 132 168 184 188 124 117 161 151 134 155  94 125 196
249 157 153 124 119 145 139  89 107 193 190 165 183 136 130 189
244 133 156 130  91  85 107 109  80 158 167 136 143 134 138 193
223 147 177 153 110 109 136 138 103 144 136 108 117 109 114 167
180 131 209 176 134 136 131 110  84 146 143 117  95  81 140 166
164  77  98 134 182 167  84  97  93 116 134 109  81  69 133 166
198 156 117 213 235 143  59 139 164 154 138 114 140 133 112 166
252 240 206 248 251 206 188 232 235 214 193 167 166 166 166 217
