254 239 239 239 239 250 242 239 240 255 250 239 239 239 239 254
239   0   0   0   0 175  48   0  58 216 175   0   0   0   0 239
239   0   0   0   0 175 113   5 169 113 175   0   0   0   0 239
239   0   0   0   0 175 255  16   9 164 175   0   0   0   0 239
239   0   0   0   0 175 138 141 134  48 175   0   0   0   0 239
250 175 175 175 175 230  48 239 239  48 230 175 175 175 175 250
255 216  48  48  48 190  48  45 239   9  48 138 255 113  48 242
240  58 164 105 239 250  48   0 239   0  75 246 255  80   0 239
255 207  80 255 246  75 194 254 224  45 239 134 143  80 207 255
255 216 113 255 138  48   9 194   3  48  48  48 137  98 177 252
250 175 175 175 175 230 113   5  16 255 230 210 156 200 113 244
239   0   0   0   0 175 164   9 121 255 175 112 255 178 234 255
239   0   0   0   0 175  48 134 121 228  77 112 255  80 207 255
239   0   0   0   0 175  48  75  16 207  55 133  80  25 207 255
239   0   0   0   0 175 216 207  16 246 157  27   0   0 207 255
254 239 239 239 239 250 255 255 240 255 250 239 239 239 252 255
254 239 239 239 239 250 242 239 240 255 250 239 239 239 239 254
239   0   0   0   0 175  48   0  58 216 175   0   0   0   0 239
239   0   0   0   0 175 113   5 169 113 175   0   0   0   0 239
239   0   0   0   0 175 255  16   9 164 175   0   0   0   0 239
239   0   0   0   0 175 138 141 134  48 175   0   0   0   0 239
250 175 175 175 175 230  48 239 239  48 230 175 175 175 175 250
255 216  48  48  48 190  48  45 239   9  48 138 255 113  48 242
240  58 164 105 239 250  48   0 239   0  75 246 255  80   0 239
255 207  80 255 246  75 194 254 224  45 239 134 143  80 207 255
255 216 113 255 138  48   9 194   3  48  48  48 137  98 177 252
250 175 175 175 175 230 113   5  16 255 230 210 156 200 113 244
239   0   0   0   0 175 164   9 121 255 175 112 255 178 234 255
239   0   0   0   0 175  48 134 121 228  77 112 255  80 207 255
239   0   0   0   0 175  48  75  16 207  55 133  80  25 207 255
239   0   0   0   0 175 216 207  16 246 157  27   0   0 207 255
254 239 239 239 239 250 255 255 240 255 250 239 239 239 252 255
254 239 239 239 239 250 242 239 240 255 250 239 239 239 239 254
239   0   0   0   0 175  48   0  58 216 175   0   0   0   0 239
239   0   0   0   0 175 113   5 169 113 175   0   0   0   0 239
239   0   0   0   0 175 255  16   9 164 175   0   0   0   0 239
239   0   0   0   0 175 138 141 134  48 175   0   0   0   0 239
250 175 175 175 175 230  48 239 239  48 230 175 175 175 175 250
255 216  48  48  48 190  48  45 239   9  48 138 255 113  48 242
240  58 164 105 239 250  48   0 239   0  75 246 255  80   0 239
255 207  80 255 246  75 194 254 224  45 239 134 143  80 207 255
255 216 113 255 138  48   9 194   3  48  48  48 137  98 177 252
250 175 175 175 175 230 113   5  16 255 230 210 156 200 113 244
239   0   0   0   0 175 164   9 121 255 175 112 255 178 234 255
239   0   0   0   0 175  48 134 121 228  77 112 255  80 207 255
239   0   0   0   0 175  48  75  16 207  55 133  80  25 207 255
239   0   0   0   0 175 216 207  16 246 157  27   0   0 207 255
254 239 239 239 239 250 255 255 240 255 250 239 239 239 252 255

217 166 166 166 167 192 186 200 244 222 210 219 237 255 252 252
166 112 133 140 114 120  86 113 174 136 163 203 212 217 181 198
166 133  69  81 109 132 130 140 139 116 181 187 134  82  73 164
166 140  81  95 117 148 195 174 140 138 171 180 170 103  84 178
167 114 109 117 108 129 148 125 113 143 160 143 117 126 115 196
207 151 136 136 120 127  99  95 125 143 165 146 110 138 187 220
224 205 163 121 107 129 105  85  95 108 143 158 147 140 204 225
216 189 132 118 107 108 101  73  95 114 126 150 145 116 195 221
195 104  76 125 118  99  51  63 149 144 128 149 131  96 218 249
186  85 106 144 130 133 108 113 141 113 132 168 138 125 221 249
192 120 132 148 129 144 165 134 104 124 149 142 129 127 151 207
167 114 109 117 108 133 154  90 104 182 143 108 117 109 114 167
166 140  81  95 117 129 125  63 122 215 156 117  95  81 140 166
166 133  69  81 109 127 136  78  88 161 139 109  81  69 133 166
166 112 133 140 114 151 168 108 166 222 151 114 140 133 112 166
217 166 166 166 167 207 221 214 246 249 207 167 166 166 166 217
217 166 166 166 167 192 186 200 244 222 210 219 237 255 252 252
166 112 133 140 114 120  86 113 174 136 163 203 212 217 181 198
166 133  69  81 109 132 130 140 139 116 181 187 134  82  73 164
166 140  81  95 117 148 195 174 140 138 171 180 170 103  84 178
167 114 109 117 108 129 148 125 113 143 160 143 117 126 115 196
207 151 136 136 120 127  99  95 125 143 165 146 110 138 187 220
224 205 163 121 107 129 105  85  95 108 143 158 147 140 204 225
216 189 132 118 107 108 101  73  95 114 126 150 145 116 195 221
195 104  76 125 118  99  51  63 149 144 128 149 131  96 218 249
186  85 106 144 130 133 108 113 141 113 132 168 138 125 221 249
192 120 132 148 129 144 165 134 104 124 149 142 129 127 151 207
167 114 109 117 108 133 154  90 104 182 143 108 117 109 114 167
166 140  81  95 117 129 125  63 122 215 156 117  95  81 140 166
166 133  69  81 109 127 136  78  88 161 139 109  81  69 133 166
166 112 133 140 114 151 168 108 166 222 151 114 140 133 112 166
217 166 166 166 167 207 221 214 246 249 207 167 166 166 166 217
217 166 166 166 167 192 186 200 244 222 210 219 237 255 252 252
166 112 133 140 114 120  86 113 174 136 163 203 212 217 181 198
166 133  69  81 109 132 130 140 139 116 181 187 134  82  73 164
166 140  81  95 117 148 195 174 140 138 171 180 170 103  84 178
167 114 109 117 108 129 148 125 113 143 160 143 117 126 115 196
207 151 136 136 120 127  99  95 125 143 165 146 110 138 187 220
224 205 163 121 107 129 105  85  95 108 143 158 147 140 204 225
216 189 132 118 107 108 101  73  95 114 126 150 145 116 195 221
195 104  76 125 118  99  51  63 149 144 128 149 131  96 218 249
186  85 106 144 130 133 108 113 141 113 132 168 138 125 221 249
192 120 132 148 129 144 165 134 104 124 149 142 129 127 151 207
167 114 109 117 108 133 154  90 104 182 143 108 117 109 114 167
166 140  81  95 117 129 125  63 122 215 156 117  95  81 140 166
166 133  69  81 109 127 136  78  88 161 139 109  81  69 133 166
166 112 133 140 114 151 168 108 166 222 151 114 140 133 112 166
217 166 166 166 167 207 221 214 246 249 207 167 166 166 166 217

252 198 164 178 196 220 225 221 249 249 207 167 166 166 166 217
252 181  73  84 115 187 204 195 218 221 151 114 140 133 112 166
255 217  82 103 126 138 140 116  96 125 127 109  81  69 133 166
237 212 134 170 117 110 147 145 131 138 129 117  95  81 140 166
219 203 187 180 143 146 158 150 149 168 142 108 117 109 114 167
210 163 181 171 160 165 143 126 128 132 149 143 156 139 151 207
222 136 116 138 143 143 108 114 144 113 124 182 215 161 222 249
244 174 139 140 113 125  95  95 149 141 104 104 122  88 166 246
200 113 140 174 125  95  85  73  63 113 134  90  63  78 108 214
186  86 130 195 148  99 105 101  51 108 165 154 125 136 168 221
192 120 132 148 129 127 129 108  99 133 144 133 129 127 151 207
167 114 109 117 108 120 107 107 118 130 129 108 117 109 114 167
166 140  81  95 117 136 121 118 125 144 148 117  95  81 140 166
166 133  69  81 109 136 163 132  76 106 132 109  81  69 133 166
166 112 133 140 114 151 205 189 104  85 120 114 140 133 112 166
217 166 166 166 167 207 224 216 195 186 192 167 166 166 166 217
252 198 164 178 196 220 225 221 249 249 207 167 166 166 166 217
252 181  73  84 115 187 204 195 218 221 151 114 140 133 112 166
255 217  82 103 126 138 140 116  96 125 127 109  81  69 133 166
237 212 134 170 117 110 147 145 131 138 129 117  95  81 140 166
219 203 187 180 143 146 158 150 149 168 142 108 117 109 114 167
210 163 181 171 160 165 143 126 128 132 149 143 156 139 151 207
222 136 116 138 143 143 108 114 144 113 124 182 215 161 222 249
244 174 139 140 113 125  95  95 149 141 104 104 122  88 166 246
200 113 140 174 125  95  85  73  63 113 134  90  63  78 108 214
186  86 130 195 148  99 105 101  51 108 165 154 125 136 168 221
192 120 132 148 129 127 129 108  99 133 144 133 129 127 151 207
167 114 109 117 108 120 107 107 118 130 129 108 117 109 114 167
166 140  81  95 117 136 121 118 125 144 148 117  95  81 140 166
166 133  69  81 109 136 163 132  76 106 132 109  81  69 133 166
166 112 133 140 114 151 205 189 104  85 120 114 140 133 112 166
217 166 166 166 167 207 224 216 195 186 192 167 166 166 166 217
252 198 164 178 196 220 225 221 249 249 207 167 166 166 166 217
252 181  73  84 115 187 204 195 218 221 151 114 140 133 112 166
255 217  82 103 126 138 140 116  96 125 127 109  81  69 133 166
237 212 134 170 117 110 147 145 131 138 129 117  95  81 140 166
219 203 187 180 143 146 158 150 149 168 142 108 117 109 114 167
210 163 181 171 160 165 143 126 128 132 149 143 156 139 151 207
222 136 116 138 143 143 108 114 144 113 124 182 215 161 222 249
244 174 139 140 113 125  95  95 149 141 104 104 122  88 166 246
200 113 140 174 125  95  85  73  63 113 134  90  63  78 108 214
186  86 130 195 148  99 105 101  51 108 165 154 125 136 168 221
192 120 132 148 129 127 129 108  99 133 144 133 129 127 151 207
167 114 109 117 108 120 107 107 118 130 129 108 117 109 114 167
166 140  81  95 117 136 121 118 125 144 148 117  95  81 140 166
166 133  69  81 109 136 163 132  76 106 132 109  81  69 133 166
166 112 133 140 114 151 205 189 104  85 120 114 140 133 112 166
217 166 166 166 167 207 224 216 195 186 192 167 166 166 166 217

217 166 166 166 167 207 249 246 214 221 207 167 166 166 166 217
166 112 133 140 114 151 222 166 108 168 151 114 140 133 112 166
166 133  69  81 109 139 161  88  78 136 127 109  81  69 133 166
166 140  81  95 117 156 215 122  63 125 129 117  95  81 140 166
167 114 109 117 108 143 182 104  90 154 133 108 117 109 114 167
207 151 127 129 142 149 124 104 134 165 144 129 148 132 120 192
249 221 125 138 168 132 113 141 113 108 133 130 144 106  85 186
249 218  96 131 149 128 144 149  63  51  99 118 125  76 104 195
221 195 116 145 150 126 114  95  73 101 108 107 118 132 189 216
225 204 140 147 158 143 108  95  85 105 129 107 121 163 205 224
220 187 138 110 146 165 143 125  95  99 127 120 136 136 151 207
196 115 126 117 143 160 143 113 125 148 129 108 117 109 114 167
178  84 103 170 180 171 138 140 174 195 148 117  95  81 140 166
164  73  82 134 187 181 116 139 140 130 132 109  81  69 133 166
198 181 217 212 203 163 136 174 113  86 120 114 140 133 112 166
252 252 255 237 219 210 222 244 200 186 192 167 166 166 166 217
217 166 166 166 167 207 249 246 214 221 207 167 166 166 166 217
166 112 133 140 114 151 222 166 108 168 151 114 140 133 112 166
166 133  69  81 109 139 161  88  78 136 127 109  81  69 133 166
166 140  81  95 117 156 215 122  63 125 129 117  95  81 140 166
167 114 109 117 108 143 182 104  90 154 133 108 117 109 114 167
207 151 127 129 142 149 124 104 134 165 144 129 148 132 120 192
249 221 125 138 168 132 113 141 113 108 133 130 144 106  85 186
249 218  96 131 149 128 144 149  63  51  99 118 125  76 104 195
221 195 116 145 150 126 114  95  73 101 108 107 118 132 189 216
225 204 140 147 158 143 108  95  85 105 129 107 121 163 205 224
220 187 138 110 146 165 143 125  95  99 127 120 136 136 151 207
196 115 126 117 143 160 143 113 125 148 129 108 117 109 114 167
178  84 103 170 180 171 138 140 174 195 148 117  95  81 140 166
164  73  82 134 187 181 116 139 140 130 132 109  81  69 133 166
198 181 217 212 203 163 136 174 113  86 120 114 140 133 112 166
252 252 255 237 219 210 222 244 200 186 192 167 166 166 166 217
217 166 166 166 167 207 249 246 214 221 207 167 166 166 166 217
166 112 133 140 114 151 222 166 108 168 151 114 140 133 112 166
166 133  69  81 109 139 161  88  78 136 127 109  81  69 133 166
166 140  81  95 117 156 215 122  63 125 129 117  95  81 140 166
167 114 109 117 108 143 182 104  90 154 133 108 117 109 114 167
207 151 127 129 142 149 124 104 134 165 144 129 148 132 120 192
249 221 125 138 168 132 113 141 113 108 133 130 144 106  85 186
249 218  96 131 149 128 144 149  63  51  99 118 125  76 104 195
221 195 116 145 150 126 114  95  73 101 108 107 118 132 189 216
225 204 140 147 158 143 108  95  85 105 129 107 121 163 205 224
220 187 138 110 146 165 143 125  95  99 127 120 136 136 151 207
196 115 126 117 143 160 143 113 125 148 129 108 117 109 114 167
178  84 103 170 180 171 138 140 174 195 148 117  95  81 140 166
164  73  82 134 187 181 116 139 140 130 132 109  81  69 133 166
198 181 217 212 203 163 136 174 113  86 120 114 140 133 112 166
252 252 255 237 219 210 222 244 200 186 192 167 166 166 166 217
