255 255 255 255 255 255 255 255 255 255 255 255 255 255 255 255
255 255 255 255 255   0   0   0 255 255   0 255 255 255 255 255
255 255   0   0 255   0   0   0   0   0   0 255   0   0 255 255
255 255   0   0 255   0 255   0 255   0   0 255   0   0 255 255
255 255 255 255 255   0   0 255 255   0   0 255 255 255 255 255
255   0   0   0   0   0   0 255 255   0   0   0   0   0   0 255
255 255   0   0 255   0   0 255   0   0   0   0 255   0   0 255
255 255 255   0   0 255   0   0   0 255   0   0 255   0   0 255
255 255   0 255 255 255   0 255   0 255   0   0   0   0   0 255
255   0 255   0   0   0   0   0 255   0   0 255   0   0 255 255
255   0   0   0   0   0 255   0 255   0 255   0 255 255 255 255
255 255 255 255 255   0 255   0   0   0   0 255 255 255 255 255
255 255   0   0 255   0   0   0 255 255 255   0 255   0 255 255
255 255   0   0 255   0   0   0   0 255   0 255   0   0 255 255
255 255 255 255 255   0 255   0   0   0   0   0   0   0 255 255
255 255 255 255 255 255 255 255 255 255 255 255 255 255 255 255
255 255 255 255 255 255 255 255 255 255 255 255 255 255 255 255
255 255 255 255 255   0   0   0 255 255   0 255 255 255 255 255
255 255   0   0 255   0   0   0   0   0   0 255   0   0 255 255
255 255   0   0 255   0 255   0 255   0   0 255   0   0 255 255
255 255 255 255 255   0   0 255 255   0   0 255 255 255 255 255
255   0   0   0   0   0   0 255 255   0   0   0   0   0   0 255
255 255   0   0 255   0   0 255   0   0   0   0 255   0   0 255
255 255 255   0   0 255   0   0   0 255   0   0 255   0   0 255
255 255   0 255 255 255   0 255   0 255   0   0   0   0   0 255
255   0 255   0   0   0   0   0 255   0   0 255   0   0 255 255
255   0   0   0   0   0 255   0 255   0 255   0 255 255 255 255
255 255 255 255 255   0 255   0   0   0   0 255 255 255 255 255
255 255   0   0 255   0   0   0 255 255 255   0 255   0 255 255
255 255   0   0 255   0   0   0   0 255   0 255   0   0 255 255
255 255 255 255 255   0 255   0   0   0   0   0   0   0 255 255
255 255 255 255 255 255 255 255 255 255 255 255 255 255 255 255
255 255 255 255 255 255 255 255 255 255 255 255 255 255 255 255
255 255 255 255 255   0   0   0 255 255   0 255 255 255 255 255
255 255   0   0 255   0   0   0   0   0   0 255   0   0 255 255
255 255   0   0 255   0 255   0 255   0   0 255   0   0 255 255
255 255 255 255 255   0   0 255 255   0   0 255 255 255 255 255
255   0   0   0   0   0   0 255 255   0   0   0   0   0   0 255
255 255   0   0 255   0   0 255   0   0   0   0 255   0   0 255
255 255 255   0   0 255   0   0   0 255   0   0 255   0   0 255
255 255   0 255 255 255   0 255   0 255   0   0   0   0   0 255
255   0 255   0   0   0   0   0 255   0   0 255   0   0 255 255
255   0   0   0   0   0 255   0 255   0 255   0 255 255 255 255
255 255 255 255 255   0 255   0   0   0   0 255 255 255 255 255
255 255   0   0 255   0   0   0 255 255 255   0 255   0 255 255
255 255   0   0 255   0   0   0   0 255   0 255   0   0 255 255
255 255 255 255 255   0 255   0   0   0   0   0   0   0 255 255
255 255 255 255 255 255 255 255 255 255 255 255 255 255 255 255

217 166 166 166 167 192 186 200 244 222 210 219 237 255 252 252
166 112 133 140 114 120  85  99 163 136 163 203 212 217 181 198
166 133  69  81 109 132 113  70  89 116 181 187 134  82  73 164
166 140  81  95 117 148 168 129 127 138 171 180 170 103  84 178
167 114 109 117 108 129 126 118 110 107 156 158 127  92  88 216
207 151 127 122 118 127 110 140 156 139 162 167 148 123  71 199
249 219 114 117 144 129 103 135 163 180 180 155 167 139  39 162
249 222 137 159 170 160 150 122 113 175 189 111  98 110  67 195
201 120 140 194 170 172 168 122 108 136 151  79  31  70 128 242
186  86 123 186 160 153 134 126 121 103 136 140  96  97 184 247
192 120 132 148 129 144 162 140 130 131 143 142 129 127 151 207
167 114 109 117 108 133 137  95 124 144 118 108 117 109 114 167
166 140  81  95 117 129 102  69  99 123 124 117  95  81 140 166
166 133  69  81 109 127 143 135 116 142 138 109  81  69 133 166
166 112 133 140 114 151 228 165 123 154 124 114 140 133 112 166
217 166 166 166 167 207 249 219 201 214 192 167 166 166 166 217
217 166 166 166 167 192 186 200 244 222 210 219 237 255 252 252
166 112 133 140 114 120  85  99 163 136 163 203 212 217 181 198
166 133  69  81 109 132 113  70  89 116 181 187 134  82  73 164
166 140  81  95 117 148 168 129 127 138 171 180 170 103  84 178
167 114 109 117 108 129 126 118 110 107 156 158 127  92  88 216
207 151 127 122 118 127 110 140 156 139 162 167 148 123  71 199
249 219 114 117 144 129 103 135 163 180 180 155 167 139  39 162
249 222 137 159 170 160 150 122 113 175 189 111  98 110  67 195
201 120 140 194 170 172 168 122 108 136 151  79  31  70 128 242
186  86 123 186 160 153 134 126 121 103 136 140  96  97 184 247
192 120 132 148 129 144 162 140 130 131 143 142 129 127 151 207
167 114 109 117 108 133 137  95 124 144 118 108 117 109 114 167
166 140  81  95 117 129 102  69  99 123 124 117  95  81 140 166
166 133  69  81 109 127 143 135 116 142 138 109  81  69 133 166
166 112 133 140 114 151 228 165 123 154 124 114 140 133 112 166
217 166 166 166 167 207 249 219 201 214 192 167 166 166 166 217
217 166 166 166 167 192 186 200 244 222 210 219 237 255 252 252
166 112 133 140 114 120  85  99 163 136 163 203 212 217 181 198
166 133  69  81 109 132 113  70  89 116 181 187 134  82  73 164
166 140  81  95 117 148 168 129 127 138 171 180 170 103  84 178
167 114 109 117 108 129 126 118 110 107 156 158 127  92  88 216
207 151 127 122 118 127 110 140 156 139 162 167 148 123  71 199
249 219 114 117 144 129 103 135 163 180 180 155 167 139  39 162
249 222 137 159 170 160 150 122 113 175 189 111  98 110  67 195
201 120 140 194 170 172 168 122 108 136 151  79  31  70 128 242
186  86 123 186 160 153 134 126 121 103 136 140  96  97 184 247
192 120 132 148 129 144 162 140 130 131 143 142 129 127 151 207
167 114 109 117 108 133 137  95 124 144 118 108 117 109 114 167
166 140  81  95 117 129 102  69  99 123 124 117  95  81 140 166
166 133  69  81 109 127 143 135 116 142 138 109  81  69 133 166
166 112 133 140 114 151 228 165 123 154 124 114 140 133 112 166
217 166 166 166 167 207 249 219 201 214 192 167 166 166 166 217

252 198 164 178 216 199 162 195 242 247 207 167 166 166 166 217
252 181  73  84  88  71  39  67 128 184 151 114 140 133 112 166
255 217  82 103  92 123 139 110  70  97 127 109  81  69 133 166
237 212 134 170 127 148 167  98  31  96 129 117  95  81 140 166
219 203 187 180 158 167 155 111  79 140 142 108 117 109 114 167
210 163 181 171 156 162 180 189 151 136 143 118 124 138 124 192
222 136 116 138 107 139 180 175 136 103 131 144 123 142 154 214
244 163  89 127 110 156 163 113 108 121 130 124  99 116 123 201
200  99  70 129 118 140 135 122 122 126 140  95  69 135 165 219
186  85 113 168 126 110 103 150 168 134 162 137 102 143 228 249
192 120 132 148 129 127 129 160 172 153 144 133 129 127 151 207
167 114 109 117 108 118 144 170 170 160 129 108 117 109 114 167
166 140  81  95 117 122 117 159 194 186 148 117  95  81 140 166
166 133  69  81 109 127 114 137 140 123 132 109  81  69 133 166
166 112 133 140 114 151 219 222 120  86 120 114 140 133 112 166
217 166 166 166 167 207 249 249 201 186 192 167 166 166 166 217
252 198 164 178 216 199 162 195 242 247 207 167 166 166 166 217
252 181  73  84  88  71  39  67 128 184 151 114 140 133 112 166
255 217  82 103  92 123 139 110  70  97 127 109  81  69 133 166
237 212 134 170 127 148 167  98  31  96 129 117  95  81 140 166
219 203 187 180 158 167 155 111  79 140 142 108 117 109 114 167
210 163 181 171 156 162 180 189 151 136 143 118 124 138 124 192
222 136 116 138 107 139 180 175 136 103 131 144 123 142 154 214
244 163  89 127 110 156 163 113 108 121 130 124  99 116 123 201
200  99  70 129 118 140 135 122 122 126 140  95  69 135 165 219
186  85 113 168 126 110 103 150 168 134 162 137 102 143 228 249
192 120 132 148 129 127 129 160 172 153 144 133 129 127 151 207
167 114 109 117 108 118 144 170 170 160 129 108 117 109 114 167
166 140  81  95 117 122 117 159 194 186 148 117  95  81 140 166
166 133  69  81 109 127 114 137 140 123 132 109  81  69 133 166
166 112 133 140 114 151 219 222 120  86 120 114 140 133 112 166
217 166 166 166 167 207 249 249 201 186 192 167 166 166 166 217
252 198 164 178 216 199 162 195 242 247 207 167 166 166 166 217
252 181  73  84  88  71  39  67 128 184 151 114 140 133 112 166
255 217  82 103  92 123 139 110  70  97 127 109  81  69 133 166
237 212 134 170 127 148 167  98  31  96 129 117  95  81 140 166
219 203 187 180 158 167 155 111  79 140 142 108 117 109 114 167
210 163 181 171 156 162 180 189 151 136 143 118 124 138 124 192
222 136 116 138 107 139 180 175 136 103 131 144 123 142 154 214
244 163  89 127 110 156 163 113 108 121 130 124  99 116 123 201
200  99  70 129 118 140 135 122 122 126 140  95  69 135 165 219
186  85 113 168 126 110 103 150 168 134 162 137 102 143 228 249
192 120 132 148 129 127 129 160 172 153 144 133 129 127 151 207
167 114 109 117 108 118 144 170 170 160 129 108 117 109 114 167
166 140  81  95 117 122 117 159 194 186 148 117  95  81 140 166
166 133  69  81 109 127 114 137 140 123 132 109  81  69 133 166
166 112 133 140 114 151 219 222 120  86 120 114 140 133 112 166
217 166 166 166 167 207 249 249 201 186 192 167 166 166 166 217

217 166 166 166 167 192 214 201 219 249 207 167 166 166 166 217
166 112 133 140 114 124 154 123 165 228 151 114 140 133 112 166
166 133  69  81 109 138 142 116 135 143 127 109  81  69 133 166
166 140  81  95 117 124 123  99  69 102 129 117  95  81 140 166
167 114 109 117 108 118 144 124  95 137 133 108 117 109 114 167
207 151 127 129 142 143 131 130 140 162 144 129 148 132 120 192
247 184  97  96 140 136 103 121 126 134 153 160 186 123  86 186
242 128  70  31  79 151 136 108 122 168 172 170 194 140 120 201
195  67 110  98 111 189 175 113 122 150 160 170 159 137 222 249
162  39 139 167 155 180 180 163 135 103 129 144 117 114 219 249
199  71 123 148 167 162 139 156 140 110 127 118 122 127 151 207
216  88  92 127 158 156 107 110 118 126 129 108 117 109 114 167
178  84 103 170 180 171 138 127 129 168 148 117  95  81 140 166
164  73  82 134 187 181 116  89  70 113 132 109  81  69 133 166
198 181 217 212 203 163 136 163  99  85 120 114 140 133 112 166
252 252 255 237 219 210 222 244 200 186 192 167 166 166 166 217
217 166 166 166 167 192 214 201 219 249 207 167 166 166 166 217
166 112 133 140 114 124 154 123 165 228 151 114 140 133 112 166
166 133  69  81 109 138 142 116 135 143 127 109  81  69 133 166
166 140  81  95 117 124 123  99  69 102 129 117  95  81 140 166
167 114 109 117 108 118 144 124  95 137 133 108 117 109 114 167
207 151 127 129 142 143 131 130 140 162 144 129 148 132 120 192
247 184  97  96 140 136 103 121 126 134 153 160 186 123  86 186
242 128  70  31  79 151 136 108 122 168 172 170 194 140 120 201
195  67 110  98 111 189 175 113 122 150 160 170 159 137 222 249
162  39 139 167 155 180 180 163 135 103 129 144 117 114 219 249
199  71 123 148 167 162 139 156 140 110 127 118 122 127 151 207
216  88  92 127 158 156 107 110 118 126 129 108 117 109 114 167
178  84 103 170 180 171 138 127 129 168 148 117  95  81 140 166
164  73  82 134 187 181 116  89  70 113 132 109  81  69 133 166
198 181 217 212 203 163 136 163  99  85 120 114 140 133 112 166
252 252 255 237 219 210 222 244 200 186 192 167 166 166 166 217
217 166 166 166 167 192 214 201 219 249 207 167 166 166 166 217
166 112 133 140 114 124 154 123 165 228 151 114 140 133 112 166
166 133  69  81 109 138 142 116 135 143 127 109  81  69 133 166
166 140  81  95 117 124 123  99  69 102 129 117  95  81 140 166
167 114 109 117 108 118 144 124  95 137 133 108 117 109 114 167
207 151 127 129 142 143 131 130 140 162 144 129 148 132 120 192
247 184  97  96 140 136 103 121 126 134 153 160 186 123  86 186
242 128  70  31  79 151 136 108 122 168 172 170 194 140 120 201
195  67 110  98 111 189 175 113 122 150 160 170 159 137 222 249
162  39 139 167 155 180 180 163 135 103 129 144 117 114 219 249
199  71 123 148 167 162 139 156 140 110 127 118 122 127 151 207
216  88  92 127 158 156 107 110 118 126 129 108 117 109 114 167
178  84 103 170 180 171 138 127 129 168 148 117  95  81 140 166
164  73  82 134 187 181 116  89  70 113 132 109  81  69 133 166
198 181 217 212 203 163 136 163  99  85 120 114 140 133 112 166
252 252 255 237 219 210 222 244 200 186 192 167 166 166 166 217
