254 239 239 239 239 250 242 239 239 242 250 239 239 239 239 254
239   0   0   0   0 175  87  48  48  87 175   0   0   0   0 239
239   0   0   0   0 175 190 175 255 255 175   0   0   0   0 239
239   0   0   0   0 175  48 105 150 255 175   0   0   0   0 239
239   0   0   0   0 175  48 239 141 138 175   0   0   0   0 239
250 175 175 175 175 230 190 250 239  48 230 175 175 175 175 250
255 255 190 138 138 190 255 255  45  48 255 164  48 190  87 242
240  61 250 141 141 250  61  16 224   3  91 248 239  86 197 254
255 252 239 141 141 239  58   1 239 197  16 114 114   5  13 240
255 216  48 138 138  48 177  13  45  39 207 117 117  98 177 252
250 175 175 175 175 230 113  80 164  15  55  35  80 145  98 244
239   0   0   0   0 175 255 150 112 138 175  63 143  45 117 248
239   0   0   0   0 175 138   7 246 112  77  63  63   0   0 239
239   0   0   0   0 175 190 175  75  33 175 133 133 175  33 239
239   0   0   0   0 175 255 255 194  48 255 143  27  48 177 252
254 239 239 239 239 250 255 255 254 242 255 248 239 239 252 255
254 239 239 239 239 250 242 239 239 242 250 239 239 239 239 254
239   0   0   0   0 175  87  48  48  87 175   0   0   0   0 239
239   0   0   0   0 175 190 175 255 255 175   0   0   0   0 239
239   0   0   0   0 175  48 105 150 255 175   0   0   0   0 239
239   0   0   0   0 175  48 239 141 138 175   0   0   0   0 239
250 175 175 175 175 230 190 250 239  48 230 175 175 175 175 250
255 255 190 138 138 190 255 255  45  48 255 164  48 190  87 242
240  61 250 141 141 250  61  16 224   3  91 248 239  86 197 254
255 252 239 141 141 239  58   1 239 197  16 114 114   5  13 240
255 216  48 138 138  48 177  13  45  39 207 117 117  98 177 252
250 175 175 175 175 230 113  80 164  15  55  35  80 145  98 244
239   0   0   0   0 175 255 150 112 138 175  63 143  45 117 248
239   0   0   0   0 175 138   7 246 112  77  63  63   0   0 239
239   0   0   0   0 175 190 175  75  33 175 133 133 175  33 239
239   0   0   0   0 175 255 255 194  48 255 143  27  48 177 252
254 239 239 239 239 250 255 255 254 242 255 248 239 239 252 255
254 239 239 239 239 250 242 239 239 242 250 239 239 239 239 254
239   0   0   0   0 175  87  48  48  87 175   0   0   0   0 239
239   0   0   0   0 175 190 175 255 255 175   0   0   0   0 239
239   0   0   0   0 175  48 105 150 255 175   0   0   0   0 239
239   0   0   0   0 175  48 239 141 138 175   0   0   0   0 239
250 175 175 175 175 230 190 250 239  48 230 175 175 175 175 250
255 255 190 138 138 190 255 255  45  48 255 164  48 190  87 242
240  61 250 141 141 250  61  16 224   3  91 248 239  86 197 254
255 252 239 141 141 239  58   1 239 197  16 114 114   5  13 240
255 216  48 138 138  48 177  13  45  39 207 117 117  98 177 252
250 175 175 175 175 230 113  80 164  15  55  35  80 145  98 244
239   0   0   0   0 175 255 150 112 138 175  63 143  45 117 248
239   0   0   0   0 175 138   7 246 112  77  63  63   0   0 239
239   0   0   0   0 175 190 175  75  33 175 133 133 175  33 239
239   0   0   0   0 175 255 255 194  48 255 143  27  48 177 252
254 239 239 239 239 250 255 255 254 242 255 248 239 239 252 255

217 166 166 166 167 192 211 191 180 198 217 221 178 180 240 252
166 112 133 140 114 124 120  67  67 110 156 160  72 123 171 198
166 133  69  81 109 138 148 138 111  90 125 106  60 131  92 164
166 140  81  95 117 124 149 195 184 108  95  73  71 139 121 180
167 114 109 117 108 130 177 214 201 118  70  69  95 153 147 223
192 124 150 151 129 153 170 182 167 105  90 125 107 138 140 232
186 107 205 184 135 134 112 127 153 105  83 119 134 112 157 219
162  81 141 141 120 113 133 126 106 109 106 119 118 119 164 235
162  79 114 104 123 148 173 143  93  76 141 173  93 146 158 249
186 104 164 113 122 191 196 175 145 101 162 207 153 185 204 247
192 124 138 124 119 163 190 169 153 148 157 151 145 149 155 207
167 114 109 117 108 142 165 121 119 161 140 108 117 109 114 167
166 140  81  95 117 145 167 139 133 158 142 117  95  81 140 166
166 133  69  81 109 149 210 160 120 142 124 109  81  69 133 166
166 112 133 140 114 155 216 157 118 149 131 114 140 133 112 166
217 166 166 166 167 207 224 217 241 244 205 167 166 166 166 217
217 166 166 166 167 192 211 191 180 198 217 221 178 180 240 252
166 112 133 140 114 124 120  67  67 110 156 160  72 123 171 198
166 133  69  81 109 138 148 138 111  90 125 106  60 131  92 164
166 140  81  95 117 124 149 195 184 108  95  73  71 139 121 180
167 114 109 117 108 130 177 214 201 118  70  69  95 153 147 223
192 124 150 151 129 153 170 182 167 105  90 125 107 138 140 232
186 107 205 184 135 134 112 127 153 105  83 119 134 112 157 219
162  81 141 141 120 113 133 126 106 109 106 119 118 119 164 235
162  79 114 104 123 148 173 143  93  76 141 173  93 146 158 249
186 104 164 113 122 191 196 175 145 101 162 207 153 185 204 247
192 124 138 124 119 163 190 169 153 148 157 151 145 149 155 207
167 114 109 117 108 142 165 121 119 161 140 108 117 109 114 167
166 140  81  95 117 145 167 139 133 158 142 117  95  81 140 166
166 133  69  81 109 149 210 160 120 142 124 109  81  69 133 166
166 112 133 140 114 155 216 157 118 149 131 114 140 133 112 166
217 166 166 166 167 207 224 217 241 244 205 167 166 166 166 217
217 166 166 166 167 192 211 191 180 198 217 221 178 180 240 252
166 112 133 140 114 124 120  67  67 110 156 160  72 123 171 198
166 133  69  81 109 138 148 138 111  90 125 106  60 131  92 164
166 140  81  95 117 124 149 195 184 108  95  73  71 139 121 180
167 114 109 117 108 130 177 214 201 118  70  69  95 153 147 223
192 124 150 151 129 153 170 182 167 105  90 125 107 138 140 232
186 107 205 184 135 134 112 127 153 105  83 119 134 112 157 219
162  81 141 141 120 113 133 126 106 109 106 119 118 119 164 235
162  79 114 104 123 148 173 143  93  76 141 173  93 146 158 249
186 104 164 113 122 191 196 175 145 101 162 207 153 185 204 247
192 124 138 124 119 163 190 169 153 148 157 151 145 149 155 207
167 114 109 117 108 142 165 121 119 161 140 108 117 109 114 167
166 140  81  95 117 145 167 139 133 158 142 117  95  81 140 166
166 133  69  81 109 149 210 160 120 142 124 109  81  69 133 166
166 112 133 140 114 155 216 157 118 149 131 114 140 133 112 166
217 166 166 166 167 207 224 217 241 244 205 167 166 166 166 217

252 198 164 180 223 232 219 235 249 247 207 167 166 166 166 217
240 171  92 121 147 140 157 164 158 204 155 114 140 133 112 166
180 123 131 139 153 138 112 119 146 185 149 109  81  69 133 166
178  72  60  71  95 107 134 118  93 153 145 117  95  81 140 166
221 160 106  73  69 125 119 119 173 207 151 108 117 109 114 167
217 156 125  95  70  90  83 106 141 162 157 140 142 124 131 205
198 110  90 108 118 105 105 109  76 101 148 161 158 142 149 244
180  67 111 184 201 167 153 106  93 145 153 119 133 120 118 241
191  67 138 195 214 182 127 126 143 175 169 121 139 160 157 217
211 120 148 149 177 170 112 133 173 196 190 165 167 210 216 224
192 124 138 124 130 153 134 113 148 191 163 142 145 149 155 207
167 114 109 117 108 129 135 120 123 122 119 108 117 109 114 167
166 140  81  95 117 151 184 141 104 113 124 117  95  81 140 166
166 133  69  81 109 150 205 141 114 164 138 109  81  69 133 166
166 112 133 140 114 124 107  81  79 104 124 114 140 133 112 166
217 166 166 166 167 192 186 162 162 186 192 167 166 166 166 217
252 198 164 180 223 232 219 235 249 247 207 167 166 166 166 217
240 171  92 121 147 140 157 164 158 204 155 114 140 133 112 166
180 123 131 139 153 138 112 119 146 185 149 109  81  69 133 166
178  72  60  71  95 107 134 118  93 153 145 117  95  81 140 166
221 160 106  73  69 125 119 119 173 207 151 108 117 109 114 167
217 156 125  95  70  90  83 106 141 162 157 140 142 124 131 205
198 110  90 108 118 105 105 109  76 101 148 161 158 142 149 244
180  67 111 184 201 167 153 106  93 145 153 119 133 120 118 241
191  67 138 195 214 182 127 126 143 175 169 121 139 160 157 217
211 120 148 149 177 170 112 133 173 196 190 165 167 210 216 224
192 124 138 124 130 153 134 113 148 191 163 142 145 149 155 207
167 114 109 117 108 129 135 120 123 122 119 108 117 109 114 167
166 140  81  95 117 151 184 141 104 113 124 117  95  81 140 166
166 133  69  81 109 150 205 141 114 164 138 109  81  69 133 166
166 112 133 140 114 124 107  81  79 104 124 114 140 133 112 166
217 166 166 166 167 192 186 162 162 186 192 167 166 166 166 217
252 198 164 180 223 232 219 235 249 247 207 167 166 166 166 217
240 171  92 121 147 140 157 164 158 204 155 114 140 133 112 166
180 123 131 139 153 138 112 119 146 185 149 109  81  69 133 166
178  72  60  71  95 107 134 118  93 153 145 117  95  81 140 166
221 160 106  73  69 125 119 119 173 207 151 108 117 109 114 167
217 156 125  95  70  90  83 106 141 162 157 140 142 124 131 205
198 110  90 108 118 105 105 109  76 101 148 161 158 142 149 244
180  67 111 184 201 167 153 106  93 145 153 119 133 120 118 241
191  67 138 195 214 182 127 126 143 175 169 121 139 160 157 217
211 120 148 149 177 170 112 133 173 196 190 165 167 210 216 224
192 124 138 124 130 153 134 113 148 191 163 142 145 149 155 207
167 114 109 117 108 129 135 120 123 122 119 108 117 109 114 167
166 140  81  95 117 151 184 141 104 113 124 117  95  81 140 166
166 133  69  81 109 150 205 141 114 164 138 109  81  69 133 166
166 112 133 140 114 124 107  81  79 104 124 114 140 133 112 166
217 166 166 166 167 192 186 162 162 186 192 167 166 166 166 217

217 166 166 166 167 205 244 241 217 224 207 167 166 166 166 217
166 112 133 140 114 131 149 118 157 216 155 114 140 133 112 166
166 133  69  81 109 124 142 120 160 210 149 109  81  69 133 166
166 140  81  95 117 142 158 133 139 167 145 117  95  81 140 166
167 114 109 117 108 140 161 119 121 165 142 108 117 109 114 167
207 155 149 145 151 157 148 153 169 190 163 119 124 138 124 192
247 204 185 153 207 162 101 145 175 196 191 122 113 164 104 186
249 158 146  93 173 141  76  93 143 173 148 123 104 114  79 162
235 164 119 118 119 106 109 106 126 133 113 120 141 141  81 162
219 157 112 134 119  83 105 153 127 112 134 135 184 205 107 186
232 140 138 107 125  90 105 167 182 170 153 129 151 150 124 192
223 147 153  95  69  70 118 201 214 177 130 108 117 109 114 167
180 121 139  71  73  95 108 184 195 149 124 117  95  81 140 166
164  92 131  60 106 125  90 111 138 148 138 109  81  69 133 166
198 171 123  72 160 156 110  67  67 120 124 114 140 133 112 166
252 240 180 178 221 217 198 180 191 211 192 167 166 166 166 217
217 166 166 166 167 205 244 241 217 224 207 167 166 166 166 217
166 112 133 140 114 131 149 118 157 216 155 114 140 133 112 166
166 133  69  81 109 124 142 120 160 210 149 109  81  69 133 166
166 140  81  95 117 142 158 133 139 167 145 117  95  81 140 166
167 114 109 117 108 140 161 119 121 165 142 108 117 109 114 167
207 155 149 145 151 157 148 153 169 190 163 119 124 138 124 192
247 204 185 153 207 162 101 145 175 196 191 122 113 164 104 186
249 158 146  93 173 141  76  93 143 173 148 123 104 114  79 162
235 164 119 118 119 106 109 106 126 133 113 120 141 141  81 162
219 157 112 134 119  83 105 153 127 112 134 135 184 205 107 186
232 140 138 107 125  90 105 167 182 170 153 129 151 150 124 192
223 147 153  95  69  70 118 201 214 177 130 108 117 109 114 167
180 121 139  71  73  95 108 184 195 149 124 117  95  81 140 166
164  92 131  60 106 125  90 111 138 148 138 109  81  69 133 166
198 171 123  72 160 156 110  67  67 120 124 114 140 133 112 166
252 240 180 178 221 217 198 180 191 211 192 167 166 166 166 217
217 166 166 166 167 205 244 241 217 224 207 167 166 166 166 217
166 112 133 140 114 131 149 118 157 216 155 114 140 133 112 166
166 133  69  81 109 124 142 120 160 210 149 109  81  69 133 166
166 140  81  95 117 142 158 133 139 167 145 117  95  81 140 166
167 114 109 117 108 140 161 119 121 165 142 108 117 109 114 167
207 155 149 145 151 157 148 153 169 190 163 119 124 138 124 192
247 204 185 153 207 162 101 145 175 196 191 122 113 164 104 186
249 158 146  93 173 141  76  93 143 173 148 123 104 114  79 162
235 164 119 118 119 106 109 106 126 133 113 120 141 141  81 162
219 157 112 134 119  83 105 153 127 112 134 135 184 205 107 186
232 140 138 107 125  90 105 167 182 170 153 129 151 150 124 192
223 147 153  95  69  70 118 201 214 177 130 108 117 109 114 167
180 121 139  71  73  95 108 184 195 149 124 117  95  81 140 166
164  92 131  60 106 125  90 111 138 148 138 109  81  69 133 166
198 171 123  72 160 156 110  67  67 120 124 114 140 133 112 166
252 240 180 178 221 217 198 180 191 211 192 167 166 166 166 217
