254 239 239 239 239 250 255 240 254 242 250 239 239 239 239 254
239   0   0   0   0 175 255  16 239  48 175   0   0   0   0 239
239   0   0   0   0 175 255  16 164  48 175   0   0   0   0 239
239   0   0   0   0 175 255  16   7 138 175   0   0   0   0 239
239   0   0   0   0 175 138 141 141 138 175   0   0   0   0 239
250 175 175 175 175 230  48  75  86 190 230 175 175 175 175 250
255 255 255 164  48  48 177 207 197  87 190 138 255 255 255 255
240  61 255 143 134  75  13 240  15  48 175 112 121 180  61 240
239  45 239 134 134 250  48   0 240  61 180  16 150  80 194 254
242  48  48  48  48 190  48   0 210 255 255 255 255  80  39 242
250 175 175 175 175 230  48   0  11 175 200 255 255 134 222 255
239   0   0   0   0 175  48   0 105   0  80 206 143 143 143 248
239   0   0   0   0 175 164   9 105  27 133 126  63  99  27 239
239   0   0   0   0 175 255  16 175 190 230 133  35  55 157 250
239   0   0   0   0 175 255  16 242  48  48 118 207  65  39 242
254 239 239 239 239 250 255 240 254 239 239 246 255 244 239 254
254 239 239 239 239 250 255 240 254 242 250 239 239 239 239 254
239   0   0   0   0 175 255  16 239  48 175   0   0   0   0 239
239   0   0   0   0 175 255  16 164  48 175   0   0   0   0 239
239   0   0   0   0 175 255  16   7 138 175   0   0   0   0 239
239   0   0   0   0 175 138 141 141 138 175   0   0   0   0 239
250 175 175 175 175 230  48  75  86 190 230 175 175 175 175 250
255 255 255 164  48  48 177 207 197  87 190 138 255 255 255 255
240  61 255 143 134  75  13 240  15  48 175 112 121 180  61 240
239  45 239 134 134 250  48   0 240  61 180  16 150  80 194 254
242  48  48  48  48 190  48   0 210 255 255 255 255  80  39 242
250 175 175 175 175 230  48   0  11 175 200 255 255 134 222 255
239   0   0   0   0 175  48   0 105   0  80 206 143 143 143 248
239   0   0   0   0 175 164   9 105  27 133 126  63  99  27 239
239   0   0   0   0 175 255  16 175 190 230 133  35  55 157 250
239   0   0   0   0 175 255  16 242  48  48 118 207  65  39 242
254 239 239 239 239 250 255 240 254 239 239 246 255 244 239 254
254 239 239 239 239 250 255 240 254 242 250 239 239 239 239 254
239   0   0   0   0 175 255  16 239  48 175   0   0   0   0 239
239   0   0   0   0 175 255  16 164  48 175   0   0   0   0 239
239   0   0   0   0 175 255  16   7 138 175   0   0   0   0 239
239   0   0   0   0 175 138 141 141 138 175   0   0   0   0 239
250 175 175 175 175 230  48  75  86 190 230 175 175 175 175 250
255 255 255 164  48  48 177 207 197  87 190 138 255 255 255 255
240  61 255 143 134  75  13 240  15  48 175 112 121 180  61 240
239  45 239 134 134 250  48   0 240  61 180  16 150  80 194 254
242  48  48  48  48 190  48   0 210 255 255 255 255  80  39 242
250 175 175 175 175 230  48   0  11 175 200 255 255 134 222 255
239   0   0   0   0 175  48   0 105   0  80 206 143 143 143 248
239   0   0   0   0 175 164   9 105  27 133 126  63  99  27 239
239   0   0   0   0 175 255  16 175 190 230 133  35  55 157 250
239   0   0   0   0 175 255  16 242  48  48 118 207  65  39 242
254 239 239 239 239 250 255 240 254 239 239 246 255 244 239 254

217 166 166 166 167 205 218 215 229 220 237 222 183 220 223 223
166 112 133 140 114 136 136 130 150 157 202 135  64 157 192 213
166 133  69  81 109 152 197 119  76 116 170 145  91  78 112 203
166 140  81  95 117 151 180  88 108 210 218 129  62  57 165 245
167 114 109 117 108 131 129  54  97 215 232 158  90 101 172 223
193 137 129 134 128 154 144  79 115 209 201 155 130 175 169 179
214 161 136 129 150 161 136 128 170 192 141 126 128 190 190 191
196 128 109 132 145 115 131 138 141 159 111 109 115 163 174 228
183  89  95 132 118  96 152 141  63  76  70  76  91 115 116 214
218 128 155 151 126 121 119 130 116  84  88 108 135 162 173 221
205 136 152 151 129 133 107 117 164 160 138 120 139 154 156 207
167 114 109 117 108 120 108 113 143 136 119 108 117 109 114 167
166 140  81  95 117 139 154 137 131 125 122 117  95  81 140 166
166 133  69  81 109 154 214 198 163 143 125 109  81  69 133 166
166 112 133 140 114 156 182 163 141 138 137 114 140 133 112 166
217 166 166 166 167 207 221 212 196 189 193 167 166 166 166 217
217 166 166 166 167 205 218 215 229 220 237 222 183 220 223 223
166 112 133 140 114 136 136 130 150 157 202 135  64 157 192 213
166 133  69  81 109 152 197 119  76 116 170 145  91  78 112 203
166 140  81  95 117 151 180  88 108 210 218 129  62  57 165 245
167 114 109 117 108 131 129  54  97 215 232 158  90 101 172 223
193 137 129 134 128 154 144  79 115 209 201 155 130 175 169 179
214 161 136 129 150 161 136 128 170 192 141 126 128 190 190 191
196 128 109 132 145 115 131 138 141 159 111 109 115 163 174 228
183  89  95 132 118  96 152 141  63  76  70  76  91 115 116 214
218 128 155 151 126 121 119 130 116  84  88 108 135 162 173 221
205 136 152 151 129 133 107 117 164 160 138 120 139 154 156 207
167 114 109 117 108 120 108 113 143 136 119 108 117 109 114 167
166 140  81  95 117 139 154 137 131 125 122 117  95  81 140 166
166 133  69  81 109 154 214 198 163 143 125 109  81  69 133 166
166 112 133 140 114 156 182 163 141 138 137 114 140 133 112 166
217 166 166 166 167 207 221 212 196 189 193 167 166 166 166 217
217 166 166 166 167 205 218 215 229 220 237 222 183 220 223 223
166 112 133 140 114 136 136 130 150 157 202 135  64 157 192 213
166 133  69  81 109 152 197 119  76 116 170 145  91  78 112 203
166 140  81  95 117 151 180  88 108 210 218 129  62  57 165 245
167 114 109 117 108 131 129  54  97 215 232 158  90 101 172 223
193 137 129 134 128 154 144  79 115 209 201 155 130 175 169 179
214 161 136 129 150 161 136 128 170 192 141 126 128 190 190 191
196 128 109 132 145 115 131 138 141 159 111 109 115 163 174 228
183  89  95 132 118  96 152 141  63  76  70  76  91 115 116 214
218 128 155 151 126 121 119 130 116  84  88 108 135 162 173 221
205 136 152 151 129 133 107 117 164 160 138 120 139 154 156 207
167 114 109 117 108 120 108 113 143 136 119 108 117 109 114 167
166 140  81  95 117 139 154 137 131 125 122 117  95  81 140 166
166 133  69  81 109 154 214 198 163 143 125 109  81  69 133 166
166 112 133 140 114 156 182 163 141 138 137 114 140 133 112 166
217 166 166 166 167 207 221 212 196 189 193 167 166 166 166 217

223 213 203 245 223 179 191 228 214 221 207 167 166 166 166 217
223 192 112 165 172 169 190 174 116 173 156 114 140 133 112 166
220 157  78  57 101 175 190 163 115 162 154 109  81  69 133 166
183  64  91  62  90 130 128 115  91 135 139 117  95  81 140 166
222 135 145 129 158 155 126 109  76 108 120 108 117 109 114 167
237 202 170 218 232 201 141 111  70  88 138 119 122 125 137 193
220 157 116 210 215 209 192 159  76  84 160 136 125 143 138 189
229 150  76 108  97 115 170 141  63 116 164 143 131 163 141 196
215 130 119  88  54  79 128 138 141 130 117 113 137 198 163 212
218 136 197 180 129 144 136 131 152 119 107 108 154 214 182 221
205 136 152 151 131 154 161 115  96 121 133 120 139 154 156 207
167 114 109 117 108 128 150 145 118 126 129 108 117 109 114 167
166 140  81  95 117 134 129 132 132 151 151 117  95  81 140 166
166 133  69  81 109 129 136 109  95 155 152 109  81  69 133 166
166 112 133 140 114 137 161 128  89 128 136 114 140 133 112 166
217 166 166 166 167 193 214 196 183 218 205 167 166 166 166 217
223 213 203 245 223 179 191 228 214 221 207 167 166 166 166 217
223 192 112 165 172 169 190 174 116 173 156 114 140 133 112 166
220 157  78  57 101 175 190 163 115 162 154 109  81  69 133 166
183  64  91  62  90 130 128 115  91 135 139 117  95  81 140 166
222 135 145 129 158 155 126 109  76 108 120 108 117 109 114 167
237 202 170 218 232 201 141 111  70  88 138 119 122 125 137 193
220 157 116 210 215 209 192 159  76  84 160 136 125 143 138 189
229 150  76 108  97 115 170 141  63 116 164 143 131 163 141 196
215 130 119  88  54  79 128 138 141 130 117 113 137 198 163 212
218 136 197 180 129 144 136 131 152 119 107 108 154 214 182 221
205 136 152 151 131 154 161 115  96 121 133 120 139 154 156 207
167 114 109 117 108 128 150 145 118 126 129 108 117 109 114 167
166 140  81  95 117 134 129 132 132 151 151 117  95  81 140 166
166 133  69  81 109 129 136 109  95 155 152 109  81  69 133 166
166 112 133 140 114 137 161 128  89 128 136 114 140 133 112 166
217 166 166 166 167 193 214 196 183 218 205 167 166 166 166 217
223 213 203 245 223 179 191 228 214 221 207 167 166 166 166 217
223 192 112 165 172 169 190 174 116 173 156 114 140 133 112 166
220 157  78  57 101 175 190 163 115 162 154 109  81  69 133 166
183  64  91  62  90 130 128 115  91 135 139 117  95  81 140 166
222 135 145 129 158 155 126 109  76 108 120 108 117 109 114 167
237 202 170 218 232 201 141 111  70  88 138 119 122 125 137 193
220 157 116 210 215 209 192 159  76  84 160 136 125 143 138 189
229 150  76 108  97 115 170 141  63 116 164 143 131 163 141 196
215 130 119  88  54  79 128 138 141 130 117 113 137 198 163 212
218 136 197 180 129 144 136 131 152 119 107 108 154 214 182 221
205 136 152 151 131 154 161 115  96 121 133 120 139 154 156 207
167 114 109 117 108 128 150 145 118 126 129 108 117 109 114 167
166 140  81  95 117 134 129 132 132 151 151 117  95  81 140 166
166 133  69  81 109 129 136 109  95 155 152 109  81  69 133 166
166 112 133 140 114 137 161 128  89 128 136 114 140 133 112 166
217 166 166 166 167 193 214 196 183 218 205 167 166 166 166 217

217 166 166 166 167 193 189 196 212 221 207 167 166 166 166 217
166 112 133 140 114 137 138 141 163 182 156 114 140 133 112 166
166 133  69  81 109 125 143 163 198 214 154 109  81  69 133 166
166 140  81  95 117 122 125 131 137 154 139 117  95  81 140 166
167 114 109 117 108 119 136 143 113 108 120 108 117 109 114 167
207 156 154 139 120 138 160 164 117 107 133 129 151 152 136 205
221 173 162 135 108  88  84 116 130 119 121 126 151 155 128 218
214 116 115  91  76  70  76  63 141 152  96 118 132  95  89 183
228 174 163 115 109 111 159 141 138 131 115 145 132 109 128 196
191 190 190 128 126 141 192 170 128 136 161 150 129 136 161 214
179 169 175 130 155 201 209 115  79 144 154 128 134 129 137 193
223 172 101  90 158 232 215  97  54 129 131 108 117 109 114 167
245 165  57  62 129 218 210 108  88 180 151 117  95  81 140 166
203 112  78  91 145 170 116  76 119 197 152 109  81  69 133 166
213 192 157  64 135 202 157 150 130 136 136 114 140 133 112 166
223 223 220 183 222 237 220 229 215 218 205 167 166 166 166 217
217 166 166 166 167 193 189 196 212 221 207 167 166 166 166 217
166 112 133 140 114 137 138 141 163 182 156 114 140 133 112 166
166 133  69  81 109 125 143 163 198 214 154 109  81  69 133 166
166 140  81  95 117 122 125 131 137 154 139 117  95  81 140 166
167 114 109 117 108 119 136 143 113 108 120 108 117 109 114 167
207 156 154 139 120 138 160 164 117 107 133 129 151 152 136 205
221 173 162 135 108  88  84 116 130 119 121 126 151 155 128 218
214 116 115  91  76  70  76  63 141 152  96 118 132  95  89 183
228 174 163 115 109 111 159 141 138 131 115 145 132 109 128 196
191 190 190 128 126 141 192 170 128 136 161 150 129 136 161 214
179 169 175 130 155 201 209 115  79 144 154 128 134 129 137 193
223 172 101  90 158 232 215  97  54 129 131 108 117 109 114 167
245 165  57  62 129 218 210 108  88 180 151 117  95  81 140 166
203 112  78  91 145 170 116  76 119 197 152 109  81  69 133 166
213 192 157  64 135 202 157 150 130 136 136 114 140 133 112 166
223 223 220 183 222 237 220 229 215 218 205 167 166 166 166 217
217 166 166 166 167 193 189 196 212 221 207 167 166 166 166 217
166 112 133 140 114 137 138 141 163 182 156 114 140 133 112 166
166 133  69  81 109 125 143 163 198 214 154 109  81  69 133 166
166 140  81  95 117 122 125 131 137 154 139 117  95  81 140 166
167 114 109 117 108 119 136 143 113 108 120 108 117 109 114 167
207 156 154 139 120 138 160 164 117 107 133 129 151 152 136 205
221 173 162 135 108  88  84 116 130 119 121 126 151 155 128 218
214 116 115  91  76  70  76  63 141 152  96 118 132  95  89 183
228 174 163 115 109 111 159 141 138 131 115 145 132 109 128 196
191 190 190 128 126 141 192 170 128 136 161 150 129 136 161 214
179 169 175 130 155 201 209 115  79 144 154 128 134 129 137 193
223 172 101  90 158 232 215  97  54 129 131 108 117 109 114 167
245 165  57  62 129 218 210 108  88 180 151 117  95  81 140 166
203 112  78  91 145 170 116  76 119 197 152 109  81  69 133 166
213 192 157  64 135 202 157 150 130 136 136 114 140 133 112 166
223 223 220 183 222 237 220 229 215 218 205 167 166 166 166 217
