254 239 239 239 239 250 255 255 240 255 250 239 239 239 239 254
239   0   0   0   0 175 255 255  13 216 175   0   0   0   0 239
239   0   0   0   0 175 255 255   5 113 175   0   0   0   0 239
239   0   0   0   0 175 255 255 114 164 175   0   0   0   0 239
239   0   0   0   0 175 138 246 239  48 175   0   0   0   0 239
250 175 175 175 175 230  48  75 239  48 230 175 175 175 175 250
255 255 255 164  48  48 177  13 252 216 190 138 255 255 255 255
255 255 255 143 134  75 207  16 255 210  86 246 121 180  61 240
255 210  91 255 246 250  48  15  30 194  75 141 150  80   0 239
255 255 255 255 138 190  48 239 197  48  33 112 255  80  39 242
250 175 175 175 175 230  48 239  16 240 145 156 255 134 222 255
239   0   0   0   0 175  48 239   9 137 122 143 143 143 143 248
239   0   0   0   0 175 164 114   9 137 122 143  63  99  27 239
239   0   0   0   0 175 255  16 180 240 145  80  35  55 157 250
239   0   0   0   0 175 255  16 255 255 175  91 207  65  39 242
254 239 239 239 239 250 255 240 255 255 250 246 255 244 239 254
254 239 239 239 239 250 255 255 240 255 250 239 239 239 239 254
239   0   0   0   0 175 255 255  13 216 175   0   0   0   0 239
239   0   0   0   0 175 255 255   5 113 175   0   0   0   0 239
239   0   0   0   0 175 255 255 114 164 175   0   0   0   0 239
239   0   0   0   0 175 138 246 239  48 175   0   0   0   0 239
250 175 175 175 175 230  48  75 239  48 230 175 175 175 175 250
255 255 255 164  48  48 177  13 252 216 190 138 255 255 255 255
255 255 255 143 134  75 207  16 255 210  86 246 121 180  61 240
255 210  91 255 246 250  48  15  30 194  75 141 150  80   0 239
255 255 255 255 138 190  48 239 197  48  33 112 255  80  39 242
250 175 175 175 175 230  48 239  16 240 145 156 255 134 222 255
239   0   0   0   0 175  48 239   9 137 122 143 143 143 143 248
239   0   0   0   0 175 164 114   9 137 122 143  63  99  27 239
239   0   0   0   0 175 255  16 180 240 145  80  35  55 157 250
239   0   0   0   0 175 255  16 255 255 175  91 207  65  39 242
254 239 239 239 239 250 255 240 255 255 250 246 255 244 239 254
254 239 239 239 239 250 255 255 240 255 250 239 239 239 239 254
239   0   0   0   0 175 255 255  13 216 175   0   0   0   0 239
239   0   0   0   0 175 255 255   5 113 175   0   0   0   0 239
239   0   0   0   0 175 255 255 114 164 175   0   0   0   0 239
239   0   0   0   0 175 138 246 239  48 175   0   0   0   0 239
250 175 175 175 175 230  48  75 239  48 230 175 175 175 175 250
255 255 255 164  48  48 177  13 252 216 190 138 255 255 255 255
255 255 255 143 134  75 207  16 255 210  86 246 121 180  61 240
255 210  91 255 246 250  48  15  30 194  75 141 150  80   0 239
255 255 255 255 138 190  48 239 197  48  33 112 255  80  39 242
250 175 175 175 175 230  48 239  16 240 145 156 255 134 222 255
239   0   0   0   0 175  48 239   9 137 122 143 143 143 143 248
239   0   0   0   0 175 164 114   9 137 122 143  63  99  27 239
239   0   0   0   0 175 255  16 180 240 145  80  35  55 157 250
239   0   0   0   0 175 255  16 255 255 175  91 207  65  39 242
254 239 239 239 239 250 255 240 255 255 250 246 255 244 239 254

217 166 166 166 167 205 218 211 198 194 235 222 183 220 223 223
166 112 133 140 114 136 136 132 141 123 184 135  64 157 192 213
166 133  69  81 109 152 197 120  80 109 164 145  91  78 112 203
166 140  81  95 117 151 180  88 109 209 217 129  62  57 165 245
167 114 109 117 108 131 147  81 108 178 179 112  72  74 168 226
205 132 130 136 120 146 157  86  76 116 130 103 103 144 203 224
218 116 108 151 150 165 194 145  94 112 131 122 119 197 246 251
212  69  47 113 132 162 190 142 117 136 146 139 139 188 161 212
241 114 136 155 116 113 112  82  87 136 161 129 136 140  85 182
244 162 216 208 148 112  99 127 131 134 144 124 145 168 173 221
205 136 152 151 129 133 127 137 164 168 144 120 139 154 156 207
167 114 109 117 108 120 134 121 146 188 144 108 117 109 114 167
166 140  81  95 117 139 168 123 153 220 159 117  95  81 140 166
166 133  69  81 109 154 217 170 134 181 152 109  81  69 133 166
166 112 133 140 114 156 207 120  88 153 136 114 140 133 112 166
217 166 166 166 167 207 247 215 213 244 205 167 166 166 166 217
217 166 166 166 167 205 218 211 198 194 235 222 183 220 223 223
166 112 133 140 114 136 136 132 141 123 184 135  64 157 192 213
166 133  69  81 109 152 197 120  80 109 164 145  91  78 112 203
166 140  81  95 117 151 180  88 109 209 217 129  62  57 165 245
167 114 109 117 108 131 147  81 108 178 179 112  72  74 168 226
205 132 130 136 120 146 157  86  76 116 130 103 103 144 203 224
218 116 108 151 150 165 194 145  94 112 131 122 119 197 246 251
212  69  47 113 132 162 190 142 117 136 146 139 139 188 161 212
241 114 136 155 116 113 112  82  87 136 161 129 136 140  85 182
244 162 216 208 148 112  99 127 131 134 144 124 145 168 173 221
205 136 152 151 129 133 127 137 164 168 144 120 139 154 156 207
167 114 109 117 108 120 134 121 146 188 144 108 117 109 114 167
166 140  81  95 117 139 168 123 153 220 159 117  95  81 140 166
166 133  69  81 109 154 217 170 134 181 152 109  81  69 133 166
166 112 133 140 114 156 207 120  88 153 136 114 140 133 112 166
217 166 166 166 167 207 247 215 213 244 205 167 166 166 166 217
217 166 166 166 167 205 218 211 198 194 235 222 183 220 223 223
166 112 133 140 114 136 136 132 141 123 184 135  64 157 192 213
166 133  69  81 109 152 197 120  80 109 164 145  91  78 112 203
166 140  81  95 117 151 180  88 109 209 217 129  62  57 165 245
167 114 109 117 108 131 147  81 108 178 179 112  72  74 168 226
205 132 130 136 120 146 157  86  76 116 130 103 103 144 203 224
218 116 108 151 150 165 194 145  94 112 131 122 119 197 246 251
212  69  47 113 132 162 190 142 117 136 146 139 139 188 161 212
241 114 136 155 116 113 112  82  87 136 161 129 136 140  85 182
244 162 216 208 148 112  99 127 131 134 144 124 145 168 173 221
205 136 152 151 129 133 127 137 164 168 144 120 139 154 156 207
167 114 109 117 108 120 134 121 146 188 144 108 117 109 114 167
166 140  81  95 117 139 168 123 153 220 159 117  95  81 140 166
166 133  69  81 109 154 217 170 134 181 152 109  81  69 133 166
166 112 133 140 114 156 207 120  88 153 136 114 140 133 112 166
217 166 166 166 167 207 247 215 213 244 205 167 166 166 166 217

223 213 203 245 226 224 251 212 182 221 207 167 166 166 166 217
223 192 112 165 168 203 246 161  85 173 156 114 140 133 112 166
220 157  78  57  74 144 197 188 140 168 154 109  81  69 133 166
183  64  91  62  72 103 119 139 136 145 139 117  95  81 140 166
222 135 145 129 112 103 122 139 129 124 120 108 117 109 114 167
235 184 164 217 179 130 131 146 161 144 144 144 159 152 136 205
194 123 109 209 178 116 112 136 136 134 168 188 220 181 153 244
198 141  80 109 108  76  94 117  87 131 164 146 153 134  88 213
211 132 120  88  81  86 145 142  82 127 137 121 123 170 120 215
218 136 197 180 147 157 194 190 112  99 127 134 168 217 207 247
205 136 152 151 131 146 165 162 113 112 133 120 139 154 156 207
167 114 109 117 108 120 150 132 116 148 129 108 117 109 114 167
166 140  81  95 117 136 151 113 155 208 151 117  95  81 140 166
166 133  69  81 109 130 108  47 136 216 152 109  81  69 133 166
166 112 133 140 114 132 116  69 114 162 136 114 140 133 112 166
217 166 166 166 167 205 218 212 241 244 205 167 166 166 166 217
223 213 203 245 226 224 251 212 182 221 207 167 166 166 166 217
223 192 112 165 168 203 246 161  85 173 156 114 140 133 112 166
220 157  78  57  74 144 197 188 140 168 154 109  81  69 133 166
183  64  91  62  72 103 119 139 136 145 139 117  95  81 140 166
222 135 145 129 112 103 122 139 129 124 120 108 117 109 114 167
235 184 164 217 179 130 131 146 161 144 144 144 159 152 136 205
194 123 109 209 178 116 112 136 136 134 168 188 220 181 153 244
198 141  80 109 108  76  94 117  87 131 164 146 153 134  88 213
211 132 120  88  81  86 145 142  82 127 137 121 123 170 120 215
218 136 197 180 147 157 194 190 112  99 127 134 168 217 207 247
205 136 152 151 131 146 165 162 113 112 133 120 139 154 156 207
167 114 109 117 108 120 150 132 116 148 129 108 117 109 114 167
166 140  81  95 117 136 151 113 155 208 151 117  95  81 140 166
166 133  69  81 109 130 108  47 136 216 152 109  81  69 133 166
166 112 133 140 114 132 116  69 114 162 136 114 140 133 112 166
217 166 166 166 167 205 218 212 241 244 205 167 166 166 166 217
223 213 203 245 226 224 251 212 182 221 207 167 166 166 166 217
223 192 112 165 168 203 246 161  85 173 156 114 140 133 112 166
220 157  78  57  74 144 197 188 140 168 154 109  81  69 133 166
183  64  91  62  72 103 119 139 136 145 139 117  95  81 140 166
222 135 145 129 112 103 122 139 129 124 120 108 117 109 114 167
235 184 164 217 179 130 131 146 161 144 144 144 159 152 136 205
194 123 109 209 178 116 112 136 136 134 168 188 220 181 153 244
198 141  80 109 108  76  94 117  87 131 164 146 153 134  88 213
211 132 120  88  81  86 145 142  82 127 137 121 123 170 120 215
218 136 197 180 147 157 194 190 112  99 127 134 168 217 207 247
205 136 152 151 131 146 165 162 113 112 133 120 139 154 156 207
167 114 109 117 108 120 150 132 116 148 129 108 117 109 114 167
166 140  81  95 117 136 151 113 155 208 151 117  95  81 140 166
166 133  69  81 109 130 108  47 136 216 152 109  81  69 133 166
166 112 133 140 114 132 116  69 114 162 136 114 140 133 112 166
217 166 166 166 167 205 218 212 241 244 205 167 166 166 166 217

217 166 166 166 167 205 244 213 215 247 207 167 166 166 166 217
166 112 133 140 114 136 153  88 120 207 156 114 140 133 112 166
166 133  69  81 109 152 181 134 170 217 154 109  81  69 133 166
166 140  81  95 117 159 220 153 123 168 139 117  95  81 140 166
167 114 109 117 108 144 188 146 121 134 120 108 117 109 114 167
207 156 154 139 120 144 168 164 137 127 133 129 151 152 136 205
221 173 168 145 124 144 134 131 127  99 112 148 208 216 162 244
182  85 140 136 129 161 136  87  82 112 113 116 155 136 114 241
212 161 188 139 139 146 136 117 142 190 162 132 113  47  69 212
251 246 197 119 122 131 112  94 145 194 165 150 151 108 116 218
224 203 144 103 103 130 116  76  86 157 146 120 136 130 132 205
226 168  74  72 112 179 178 108  81 147 131 108 117 109 114 167
245 165  57  62 129 217 209 109  88 180 151 117  95  81 140 166
203 112  78  91 145 164 109  80 120 197 152 109  81  69 133 166
213 192 157  64 135 184 123 141 132 136 136 114 140 133 112 166
223 223 220 183 222 235 194 198 211 218 205 167 166 166 166 217
217 166 166 166 167 205 244 213 215 247 207 167 166 166 166 217
166 112 133 140 114 136 153  88 120 207 156 114 140 133 112 166
166 133  69  81 109 152 181 134 170 217 154 109  81  69 133 166
166 140  81  95 117 159 220 153 123 168 139 117  95  81 140 166
167 114 109 117 108 144 188 146 121 134 120 108 117 109 114 167
207 156 154 139 120 144 168 164 137 127 133 129 151 152 136 205
221 173 168 145 124 144 134 131 127  99 112 148 208 216 162 244
182  85 140 136 129 161 136  87  82 112 113 116 155 136 114 241
212 161 188 139 139 146 136 117 142 190 162 132 113  47  69 212
251 246 197 119 122 131 112  94 145 194 165 150 151 108 116 218
224 203 144 103 103 130 116  76  86 157 146 120 136 130 132 205
226 168  74  72 112 179 178 108  81 147 131 108 117 109 114 167
245 165  57  62 129 217 209 109  88 180 151 117  95  81 140 166
203 112  78  91 145 164 109  80 120 197 152 109  81  69 133 166
213 192 157  64 135 184 123 141 132 136 136 114 140 133 112 166
223 223 220 183 222 235 194 198 211 218 205 167 166 166 166 217
217 166 166 166 167 205 244 213 215 247 207 167 166 166 166 217
166 112 133 140 114 136 153  88 120 207 156 114 140 133 112 166
166 133  69  81 109 152 181 134 170 217 154 109  81  69 133 166
166 140  81  95 117 159 220 153 123 168 139 117  95  81 140 166
167 114 109 117 108 144 188 146 121 134 120 108 117 109 114 167
207 156 154 139 120 144 168 164 137 127 133 129 151 152 136 205
221 173 168 145 124 144 134 131 127  99 112 148 208 216 162 244
182  85 140 136 129 161 136  87  82 112 113 116 155 136 114 241
212 161 188 139 139 146 136 117 142 190 162 132 113  47  69 212
251 246 197 119 122 131 112  94 145 194 165 150 151 108 116 218
224 203 144 103 103 130 116  76  86 157 146 120 136 130 132 205
226 168  74  72 112 179 178 108  81 147 131 108 117 109 114 167
245 165  57  62 129 217 209 109  88 180 151 117  95  81 140 166
203 112  78  91 145 164 109  80 120 197 152 109  81  69 133 166
213 192 157  64 135 184 123 141 132 136 136 114 140 133 112 166
223 223 220 183 222 235 194 198 211 218 205 167 166 166 166 217
