254 239 239 239 239 250 242 239 240 255 250 239 239 239 239 254
239   0   0   0   0 175  48  45  58 216 175   0   0   0   0 239
239   0   0   0   0 175 113 244 164  48 175   0   0   0   0 239
239   0   0   0   0 175 255 150   0  48 175   0   0   0   0 239
239   0   0   0   0 175 138 141 134  48 175   0   0   0   0 239
250 175 175 175 175 230  48 239 239  48 230 175 175 175 175 250
255 216  48  48  48 190  48 239  58 177  48 138 255 113  48 242
240  58 164   0 134 250  48 239   1  13   0 112 255  80   0 239
255 255 255 255 246 239 239 239 239 194   0   0 143  80 207 255
255 255 255 255 138  48   9  45  45   9  33  21 137  98 177 252
250 175 175 175 175 230 113 169 164  33 121 112 156 200 113 244
239   0   0   0   0 175 164 114 112  91   0 112 255 178 234 255
239   0   0   0   0 175  48 239 112 118 143 192 255  80 207 255
239   0   0   0   0 175  48  75   0  48 255 178  80  25 207 255
239   0   0   0   0 175 216  13   0  48 255 143   0   0 207 255
254 239 239 239 239 250 255 240 239 242 255 248 239 239 252 255
254 239 239 239 239 250 242 239 240 255 250 239 239 239 239 254
239   0   0   0   0 175  48  45  58 216 175   0   0   0   0 239
239   0   0   0   0 175 113 244 164  48 175   0   0   0   0 239
239   0   0   0   0 175 255 150   0  48 175   0   0   0   0 239
239   0   0   0   0 175 138 141 134  48 175   0   0   0   0 239
250 175 175 175 175 230  48 239 239  48 230 175 175 175 175 250
255 216  48  48  48 190  48 239  58 177  48 138 255 113  48 242
240  58 164   0 134 250  48 239   1  13   0 112 255  80   0 239
255 255 255 255 246 239 239 239 239 194   0   0 143  80 207 255
255 255 255 255 138  48   9  45  45   9  33  21 137  98 177 252
250 175 175 175 175 230 113 169 164  33 121 112 156 200 113 244
239   0   0   0   0 175 164 114 112  91   0 112 255 178 234 255
239   0   0   0   0 175  48 239 112 118 143 192 255  80 207 255
239   0   0   0   0 175  48  75   0  48 255 178  80  25 207 255
239   0   0   0   0 175 216  13   0  48 255 143   0   0 207 255
254 239 239 239 239 250 255 240 239 242 255 248 239 239 252 255
254 239 239 239 239 250 242 239 240 255 250 239 239 239 239 254
239   0   0   0   0 175  48  45  58 216 175   0   0   0   0 239
239   0   0   0   0 175 113 244 164  48 175   0   0   0   0 239
239   0   0   0   0 175 255 150   0  48 175   0   0   0   0 239
239   0   0   0   0 175 138 141 134  48 175   0   0   0   0 239
250 175 175 175 175 230  48 239 239  48 230 175 175 175 175 250
255 216  48  48  48 190  48 239  58 177  48 138 255 113  48 242
240  58 164   0 134 250  48 239   1  13   0 112 255  80   0 239
255 255 255 255 246 239 239 239 239 194   0   0 143  80 207 255
255 255 255 255 138  48   9  45  45   9  33  21 137  98 177 252
250 175 175 175 175 230 113 169 164  33 121 112 156 200 113 244
239   0   0   0   0 175 164 114 112  91   0 112 255 178 234 255
239   0   0   0   0 175  48 239 112 118 143 192 255  80 207 255
239   0   0   0   0 175  48  75   0  48 255 178  80  25 207 255
239   0   0   0   0 175 216  13   0  48 255 143   0   0 207 255
254 239 239 239 239 250 255 240 239 242 255 248 239 239 252 255

217 166 166 166 167 192 186 200 244 222 210 219 237 255 252 252
166 112 133 140 114 120  86 101 163 136 163 203 212 217 181 198
166 133  69  81 109 132 130  93  92 116 181 187 134  82  73 164
166 140  81  95 117 148 195 167 133 138 171 180 170 103  84 178
167 114 109 117 108 129 127 120 104  96 129 139 146 140 102 220
207 151 127 129 131 138  88 109 113  62  74  89 135 162 128 231
221 168 129 101 133 142  91 123 159  92  78 115 130  95  97 191
212 143  95  78 119 142  93 118 150  82  98 144 125  80  46 160
194 108 120 133 121 143 131 109 109  85 104 127 128  98  65 176
186  95 158 177 135 144 155 131 133 128 138 162 146 117 161 221
192 120 132 148 129 144 171 148 133 137 145 142 129 127 151 207
167 114 109 117 108 133 163 108 100 152 129 108 117 109 114 167
166 140  81  95 117 129 117  96 165 208 151 117  95  81 140 166
166 133  69  81 109 127 140 169 216 216 152 109  81  69 133 166
166 112 133 140 114 151 203 174 149 162 136 114 140 133 112 166
217 166 166 166 167 207 224 188 211 244 205 167 166 166 166 217
217 166 166 166 167 192 186 200 244 222 210 219 237 255 252 252
166 112 133 140 114 120  86 101 163 136 163 203 212 217 181 198
166 133  69  81 109 132 130  93  92 116 181 187 134  82  73 164
166 140  81  95 117 148 195 167 133 138 171 180 170 103  84 178
167 114 109 117 108 129 127 120 104  96 129 139 146 140 102 220
207 151 127 129 131 138  88 109 113  62  74  89 135 162 128 231
221 168 129 101 133 142  91 123 159  92  78 115 130  95  97 191
212 143  95  78 119 142  93 118 150  82  98 144 125  80  46 160
194 108 120 133 121 143 131 109 109  85 104 127 128  98  65 176
186  95 158 177 135 144 155 131 133 128 138 162 146 117 161 221
192 120 132 148 129 144 171 148 133 137 145 142 129 127 151 207
167 114 109 117 108 133 163 108 100 152 129 108 117 109 114 167
166 140  81  95 117 129 117  96 165 208 151 117  95  81 140 166
166 133  69  81 109 127 140 169 216 216 152 109  81  69 133 166
166 112 133 140 114 151 203 174 149 162 136 114 140 133 112 166
217 166 166 166 167 207 224 188 211 244 205 167 166 166 166 217
217 166 166 166 167 192 186 200 244 222 210 219 237 255 252 252
166 112 133 140 114 120  86 101 163 136 163 203 212 217 181 198
166 133  69  81 109 132 130  93  92 116 181 187 134  82  73 164
166 140  81  95 117 148 195 167 133 138 171 180 170 103  84 178
167 114 109 117 108 129 127 120 104  96 129 139 146 140 102 220
207 151 127 129 131 138  88 109 113  62  74  89 135 162 128 231
221 168 129 101 133 142  91 123 159  92  78 115 130  95  97 191
212 143  95  78 119 142  93 118 150  82  98 144 125  80  46 160
194 108 120 133 121 143 131 109 109  85 104 127 128  98  65 176
186  95 158 177 135 144 155 131 133 128 138 162 146 117 161 221
192 120 132 148 129 144 171 148 133 137 145 142 129 127 151 207
167 114 109 117 108 133 163 108 100 152 129 108 117 109 114 167
166 140  81  95 117 129 117  96 165 208 151 117  95  81 140 166
166 133  69  81 109 127 140 169 216 216 152 109  81  69 133 166
166 112 133 140 114 151 203 174 149 162 136 114 140 133 112 166
217 166 166 166 167 207 224 188 211 244 205 167 166 166 166 217

252 198 164 178 220 231 191 160 176 221 207 167 166 166 166 217
252 181  73  84 102 128  97  46  65 161 151 114 140 133 112 166
255 217  82 103 140 162  95  80  98 117 127 109  81  69 133 166
237 212 134 170 146 135 130 125 128 146 129 117  95  81 140 166
219 203 187 180 139  89 115 144 127 162 142 108 117 109 114 167
210 163 181 171 129  74  78  98 104 138 145 129 151 152 136 205
222 136 116 138  96  62  92  82  85 128 137 152 208 216 162 244
244 163  92 133 104 113 159 150 109 133 133 100 165 216 149 211
200 101  93 167 120 109 123 118 109 131 148 108  96 169 174 188
186  86 130 195 127  88  91  93 131 155 171 163 117 140 203 224
192 120 132 148 129 138 142 142 143 144 144 133 129 127 151 207
167 114 109 117 108 131 133 119 121 135 129 108 117 109 114 167
166 140  81  95 117 129 101  78 133 177 148 117  95  81 140 166
166 133  69  81 109 127 129  95 120 158 132 109  81  69 133 166
166 112 133 140 114 151 168 143 108  95 120 114 140 133 112 166
217 166 166 166 167 207 221 212 194 186 192 167 166 166 166 217
252 198 164 178 220 231 191 160 176 221 207 167 166 166 166 217
252 181  73  84 102 128  97  46  65 161 151 114 140 133 112 166
255 217  82 103 140 162  95  80  98 117 127 109  81  69 133 166
237 212 134 170 146 135 130 125 128 146 129 117  95  81 140 166
219 203 187 180 139  89 115 144 127 162 142 108 117 109 114 167
210 163 181 171 129  74  78  98 104 138 145 129 151 152 136 205
222 136 116 138  96  62  92  82  85 128 137 152 208 216 162 244
244 163  92 133 104 113 159 150 109 133 133 100 165 216 149 211
200 101  93 167 120 109 123 118 109 131 148 108  96 169 174 188
186  86 130 195 127  88  91  93 131 155 171 163 117 140 203 224
192 120 132 148 129 138 142 142 143 144 144 133 129 127 151 207
167 114 109 117 108 131 133 119 121 135 129 108 117 109 114 167
166 140  81  95 117 129 101  78 133 177 148 117  95  81 140 166
166 133  69  81 109 127 129  95 120 158 132 109  81  69 133 166
166 112 133 140 114 151 168 143 108  95 120 114 140 133 112 166
217 166 166 166 167 207 221 212 194 186 192 167 166 166 166 217
252 198 164 178 220 231 191 160 176 221 207 167 166 166 166 217
252 181  73  84 102 128  97  46  65 161 151 114 140 133 112 166
255 217  82 103 140 162  95  80  98 117 127 109  81  69 133 166
237 212 134 170 146 135 130 125 128 146 129 117  95  81 140 166
219 203 187 180 139  89 115 144 127 162 142 108 117 109 114 167
210 163 181 171 129  74  78  98 104 138 145 129 151 152 136 205
222 136 116 138  96  62  92  82  85 128 137 152 208 216 162 244
244 163  92 133 104 113 159 150 109 133 133 100 165 216 149 211
200 101  93 167 120 109 123 118 109 131 148 108  96 169 174 188
186  86 130 195 127  88  91  93 131 155 171 163 117 140 203 224
192 120 132 148 129 138 142 142 143 144 144 133 129 127 151 207
167 114 109 117 108 131 133 119 121 135 129 108 117 109 114 167
166 140  81  95 117 129 101  78 133 177 148 117  95  81 140 166
166 133  69  81 109 127 129  95 120 158 132 109  81  69 133 166
166 112 133 140 114 151 168 143 108  95 120 114 140 133 112 166
217 166 166 166 167 207 221 212 194 186 192 167 166 166 166 217

217 166 166 166 167 205 244 211 188 224 207 167 166 166 166 217
166 112 133 140 114 136 162 149 174 203 151 114 140 133 112 166
166 133  69  81 109 152 216 216 169 140 127 109  81  69 133 166
166 140  81  95 117 151 208 165  96 117 129 117  95  81 140 166
167 114 109 117 108 129 152 100 108 163 133 108 117 109 114 167
207 151 127 129 142 145 137 133 148 171 144 129 148 132 120 192
221 161 117 146 162 138 128 133 131 155 144 135 177 158  95 186
176  65  98 128 127 104  85 109 109 131 143 121 133 120 108 194
160  46  80 125 144  98  82 150 118  93 142 119  78  95 143 212
191  97  95 130 115  78  92 159 123  91 142 133 101 129 168 221
231 128 162 135  89  74  62 113 109  88 138 131 129 127 151 207
220 102 140 146 139 129  96 104 120 127 129 108 117 109 114 167
178  84 103 170 180 171 138 133 167 195 148 117  95  81 140 166
164  73  82 134 187 181 116  92  93 130 132 109  81  69 133 166
198 181 217 212 203 163 136 163 101  86 120 114 140 133 112 166
252 252 255 237 219 210 222 244 200 186 192 167 166 166 166 217
217 166 166 166 167 205 244 211 188 224 207 167 166 166 166 217
166 112 133 140 114 136 162 149 174 203 151 114 140 133 112 166
166 133  69  81 109 152 216 216 169 140 127 109  81  69 133 166
166 140  81  95 117 151 208 165  96 117 129 117  95  81 140 166
167 114 109 117 108 129 152 100 108 163 133 108 117 109 114 167
207 151 127 129 142 145 137 133 148 171 144 129 148 132 120 192
221 161 117 146 162 138 128 133 131 155 144 135 177 158  95 186
176  65  98 128 127 104  85 109 109 131 143 121 133 120 108 194
160  46  80 125 144  98  82 150 118  93 142 119  78  95 143 212
191  97  95 130 115  78  92 159 123  91 142 133 101 129 168 221
231 128 162 135  89  74  62 113 109  88 138 131 129 127 151 207
220 102 140 146 139 129  96 104 120 127 129 108 117 109 114 167
178  84 103 170 180 171 138 133 167 195 148 117  95  81 140 166
164  73  82 134 187 181 116  92  93 130 132 109  81  69 133 166
198 181 217 212 203 163 136 163 101  86 120 114 140 133 112 166
252 252 255 237 219 210 222 244 200 186 192 167 166 166 166 217
217 166 166 166 167 205 244 211 188 224 207 167 166 166 166 217
166 112 133 140 114 136 162 149 174 203 151 114 140 133 112 166
166 133  69  81 109 152 216 216 169 140 127 109  81  69 133 166
166 140  81  95 117 151 208 165  96 117 129 117  95  81 140 166
167 114 109 117 108 129 152 100 108 163 133 108 117 109 114 167
207 151 127 129 142 145 137 133 148 171 144 129 148 132 120 192
221 161 117 146 162 138 128 133 131 155 144 135 177 158  95 186
176  65  98 128 127 104  85 109 109 131 143 121 133 120 108 194
160  46  80 125 144  98  82 150 118  93 142 119  78  95 143 212
191  97  95 130 115  78  92 159 123  91 142 133 101 129 168 221
231 128 162 135  89  74  62 113 109  88 138 131 129 127 151 207
220 102 140 146 139 129  96 104 120 127 129 108 117 109 114 167
178  84 103 170 180 171 138 133 167 195 148 117  95  81 140 166
164  73  82 134 187 181 116  92  93 130 132 109  81  69 133 166
198 181 217 212 203 163 136 163 101  86 120 114 140 133 112 166
252 252 255 237 219 210 222 244 200 186 192 167 166 166 166 217
