255 255 255 255 255 255 255 255 255 255 255 255 255 255 255 255
255 255 255 255 255   0 255   0 255 255   0 255 255 255 255 255
255 255   0   0 255   0 255 255 255   0   0 255   0   0 255 255
255 255   0   0 255   0   0 255   0   0   0 255   0   0 255 255
255 255 255 255 255   0 255 255   0   0   0 255 255 255 255 255
255   0   0   0   0   0   0 255 255   0   0   0   0   0   0 255
255 255   0 255 255   0   0 255 255 255   0 255   0 255 255 255
255 255 255   0 255 255 255   0   0   0 255 255 255 255 255 255
255 255   0   0 255 255 255   0   0   0   0   0   0   0   0 255
255   0 255   0   0   0 255 255 255   0 255   0 255   0   0 255
255   0   0   0   0   0   0   0 255 255   0   0 255 255   0 255
255 255 255 255 255   0 255 255 255   0 255   0   0   0   0 255
255 255   0   0 255   0 255   0   0 255   0   0   0 255 255 255
255 255   0   0 255   0   0 255 255   0 255   0 255 255 255 255
255 255 255 255 255   0 255   0   0   0 255   0 255   0 255 255
255 255 255 255 255 255 255 255 255 255 255 255 255 255 255 255
255 255 255 255 255 255 255 255 255 255 255 255 255 255 255 255
255 255 255 255 255   0 255   0 255 255   0 255 255 255 255 255
255 255   0   0 255   0 255 255 255   0   0 255   0   0 255 255
255 255   0   0 255   0   0 255   0   0   0 255   0   0 255 255
255 255 255 255 255   0 255 255   0   0   0 255 255 255 255 255
255   0   0   0   0   0   0 255 255   0   0   0   0   0   0 255
255 255   0 255 255   0   0 255 255 255   0 255   0 255 255 255
255 255 255   0 255 255 255   0   0   0 255 255 255 255 255 255
255 255   0   0 255 255 255   0   0   0   0   0   0   0   0 255
255   0 255   0   0   0 255 255 255   0 255   0 255   0   0 255
255   0   0   0   0   0   0   0 255 255   0   0 255 255   0 255
255 255 255 255 255   0 255 255 255   0 255   0   0   0   0 255
255 255   0   0 255   0 255   0   0 255   0   0   0 255 255 255
255 255   0   0 255   0   0 255 255   0 255   0 255 255 255 255
255 255 255 255 255   0 255   0   0   0 255   0 255   0 255 255
255 255 255 255 255 255 255 255 255 255 255 255 255 255 255 255
255 255 255 255 255 255 255 255 255 255 255 255 255 255 255 255
255 255 255 255 255   0 255   0 255 255   0 255 255 255 255 255
255 255   0   0 255   0 255 255 255   0   0 255   0   0 255 255
255 255   0   0 255   0   0 255   0   0   0 255   0   0 255 255
255 255 255 255 255   0 255 255   0   0   0 255 255 255 255 255
255   0   0   0   0   0   0 255 255   0   0   0   0   0   0 255
255 255   0 255 255   0   0 255 255 255   0 255   0 255 255 255
255 255 255   0 255 255 255   0   0   0 255 255 255 255 255 255
255 255   0   0 255 255 255   0   0   0   0   0   0   0   0 255
255   0 255   0   0   0 255 255 255   0 255   0 255   0   0 255
255   0   0   0   0   0   0   0 255 255   0   0 255 255   0 255
255 255 255 255 255   0 255 255 255   0 255   0   0   0   0 255
255 255   0   0 255   0 255   0   0 255   0   0   0 255 255 255
255 255   0   0 255   0   0 255 255   0 255   0 255 255 255 255
255 255 255 255 255   0 255   0   0   0 255   0 255   0 255 255
255 255 255 255 255 255 255 255 255 255 255 255 255 255 255 255

217 166 166 166 167 207 249 221 217 246 243 227 219 231 211 252
166 112 133 140 114 156 241 199 120 109 122 125 134 191 195 251
166 133  69  81 109 154 218 141  56  89 136 131 112 172 179 243
166 140  81  95 117 147 183 144  95 118 131 101  77 145 182 223
167 114 109 117 108 134 182 198 132 111 115  65  41 108 144 200
207 151 136 136 120 137 154 164 127 104 119  91  74 102 135 187
249 230 165 121 107 142 142 110  91 107 160 135  83  85 120 218
218 149 108  94 110 115  93  83  93 150 205 159 122 159 165 243
215 118 144 180 176  97  67  93 122 174 174 140 134 165 161 217
247 207 223 209 184 127  92 125 156 171 152 161 146 137 168 221
207 156 154 147 134 136 127 136 152 160 150 140 142 130 151 207
167 114 109 117 108 140 179 146 121 127 119 108 117 109 114 167
166 140  81  95 117 142 148 114  87  99 124 117  95  81 140 166
166 133  69  81 109 130 148 117  89 136 140 109  81  69 133 166
166 112 133 140 114 151 203 163 136 161 136 114 140 133 112 166
217 166 166 166 167 207 224 183 181 221 205 167 166 166 166 217
217 166 166 166 167 207 249 221 217 246 243 227 219 231 211 252
166 112 133 140 114 156 241 199 120 109 122 125 134 191 195 251
166 133  69  81 109 154 218 141  56  89 136 131 112 172 179 243
166 140  81  95 117 147 183 144  95 118 131 101  77 145 182 223
167 114 109 117 108 134 182 198 132 111 115  65  41 108 144 200
207 151 136 136 120 137 154 164 127 104 119  91  74 102 135 187
249 230 165 121 107 142 142 110  91 107 160 135  83  85 120 218
218 149 108  94 110 115  93  83  93 150 205 159 122 159 165 243
215 118 144 180 176  97  67  93 122 174 174 140 134 165 161 217
247 207 223 209 184 127  92 125 156 171 152 161 146 137 168 221
207 156 154 147 134 136 127 136 152 160 150 140 142 130 151 207
167 114 109 117 108 140 179 146 121 127 119 108 117 109 114 167
166 140  81  95 117 142 148 114  87  99 124 117  95  81 140 166
166 133  69  81 109 130 148 117  89 136 140 109  81  69 133 166
166 112 133 140 114 151 203 163 136 161 136 114 140 133 112 166
217 166 166 166 167 207 224 183 181 221 205 167 166 166 166 217
217 166 166 166 167 207 249 221 217 246 243 227 219 231 211 252
166 112 133 140 114 156 241 199 120 109 122 125 134 191 195 251
166 133  69  81 109 154 218 141  56  89 136 131 112 172 179 243
166 140  81  95 117 147 183 144  95 118 131 101  77 145 182 223
167 114 109 117 108 134 182 198 132 111 115  65  41 108 144 200
207 151 136 136 120 137 154 164 127 104 119  91  74 102 135 187
249 230 165 121 107 142 142 110  91 107 160 135  83  85 120 218
218 149 108  94 110 115  93  83  93 150 205 159 122 159 165 243
215 118 144 180 176  97  67  93 122 174 174 140 134 165 161 217
247 207 223 209 184 127  92 125 156 171 152 161 146 137 168 221
207 156 154 147 134 136 127 136 152 160 150 140 142 130 151 207
167 114 109 117 108 140 179 146 121 127 119 108 117 109 114 167
166 140  81  95 117 142 148 114  87  99 124 117  95  81 140 166
166 133  69  81 109 130 148 117  89 136 140 109  81  69 133 166
166 112 133 140 114 151 203 163 136 161 136 114 140 133 112 166
217 166 166 166 167 207 224 183 181 221 205 167 166 166 166 217

252 251 243 223 200 187 218 243 217 221 207 167 166 166 166 217
211 195 179 182 144 135 120 165 161 168 151 114 140 133 112 166
231 191 172 145 108 102  85 159 165 137 130 109  81  69 133 166
219 134 112  77  41  74  83 122 134 146 142 117  95  81 140 166
227 125 131 101  65  91 135 159 140 161 140 108 117 109 114 167
243 122 136 131 115 119 160 205 174 152 150 119 124 140 136 205
246 109  89 118 111 104 107 150 174 171 160 127  99 136 161 221
217 120  56  95 132 127  91  93 122 156 152 121  87  89 136 181
221 199 141 144 198 164 110  83  93 125 136 146 114 117 163 183
249 241 218 183 182 154 142  93  67  92 127 179 148 148 203 224
207 156 154 147 134 137 142 115  97 127 136 140 142 130 151 207
167 114 109 117 108 120 107 110 176 184 134 108 117 109 114 167
166 140  81  95 117 136 121  94 180 209 147 117  95  81 140 166
166 133  69  81 109 136 165 108 144 223 154 109  81  69 133 166
166 112 133 140 114 151 230 149 118 207 156 114 140 133 112 166
217 166 166 166 167 207 249 218 215 247 207 167 166 166 166 217
252 251 243 223 200 187 218 243 217 221 207 167 166 166 166 217
211 195 179 182 144 135 120 165 161 168 151 114 140 133 112 166
231 191 172 145 108 102  85 159 165 137 130 109  81  69 133 166
219 134 112  77  41  74  83 122 134 146 142 117  95  81 140 166
227 125 131 101  65  91 135 159 140 161 140 108 117 109 114 167
243 122 136 131 115 119 160 205 174 152 150 119 124 140 136 205
246 109  89 118 111 104 107 150 174 171 160 127  99 136 161 221
217 120  56  95 132 127  91  93 122 156 152 121  87  89 136 181
221 199 141 144 198 164 110  83  93 125 136 146 114 117 163 183
249 241 218 183 182 154 142  93  67  92 127 179 148 148 203 224
207 156 154 147 134 137 142 115  97 127 136 140 142 130 151 207
167 114 109 117 108 120 107 110 176 184 134 108 117 109 114 167
166 140  81  95 117 136 121  94 180 209 147 117  95  81 140 166
166 133  69  81 109 136 165 108 144 223 154 109  81  69 133 166
166 112 133 140 114 151 230 149 118 207 156 114 140 133 112 166
217 166 166 166 167 207 249 218 215 247 207 167 166 166 166 217
252 251 243 223 200 187 218 243 217 221 207 167 166 166 166 217
211 195 179 182 144 135 120 165 161 168 151 114 140 133 112 166
231 191 172 145 108 102  85 159 165 137 130 109  81  69 133 166
219 134 112  77  41  74  83 122 134 146 142 117  95  81 140 166
227 125 131 101  65  91 135 159 140 161 140 108 117 109 114 167
243 122 136 131 115 119 160 205 174 152 150 119 124 140 136 205
246 109  89 118 111 104 107 150 174 171 160 127  99 136 161 221
217 120  56  95 132 127  91  93 122 156 152 121  87  89 136 181
221 199 141 144 198 164 110  83  93 125 136 146 114 117 163 183
249 241 218 183 182 154 142  93  67  92 127 179 148 148 203 224
207 156 154 147 134 137 142 115  97 127 136 140 142 130 151 207
167 114 109 117 108 120 107 110 176 184 134 108 117 109 114 167
166 140  81  95 117 136 121  94 180 209 147 117  95  81 140 166
166 133  69  81 109 136 165 108 144 223 154 109  81  69 133 166
166 112 133 140 114 151 230 149 118 207 156 114 140 133 112 166
217 166 166 166 167 207 249 218 215 247 207 167 166 166 166 217

217 166 166 166 167 205 221 181 183 224 207 167 166 166 166 217
166 112 133 140 114 136 161 136 163 203 151 114 140 133 112 166
166 133  69  81 109 140 136  89 117 148 130 109  81  69 133 166
166 140  81  95 117 124  99  87 114 148 142 117  95  81 140 166
167 114 109 117 108 119 127 121 146 179 140 108 117 109 114 167
207 151 130 142 140 150 160 152 136 127 136 134 147 154 156 207
221 168 137 146 161 152 171 156 125  92 127 184 209 223 207 247
217 161 165 134 140 174 174 122  93  67  97 176 180 144 118 215
243 165 159 122 159 205 150  93  83  93 115 110  94 108 149 218
218 120  85  83 135 160 107  91 110 142 142 107 121 165 230 249
187 135 102  74  91 119 104 127 164 154 137 120 136 136 151 207
200 144 108  41  65 115 111 132 198 182 134 108 117 109 114 167
223 182 145  77 101 131 118  95 144 183 147 117  95  81 140 166
243 179 172 112 131 136  89  56 141 218 154 109  81  69 133 166
251 195 191 134 125 122 109 120 199 241 156 114 140 133 112 166
252 211 231 219 227 243 246 217 221 249 207 167 166 166 166 217
217 166 166 166 167 205 221 181 183 224 207 167 166 166 166 217
166 112 133 140 114 136 161 136 163 203 151 114 140 133 112 166
166 133  69  81 109 140 136  89 117 148 130 109  81  69 133 166
166 140  81  95 117 124  99  87 114 148 142 117  95  81 140 166
167 114 109 117 108 119 127 121 146 179 140 108 117 109 114 167
207 151 130 142 140 150 160 152 136 127 136 134 147 154 156 207
221 168 137 146 161 152 171 156 125  92 127 184 209 223 207 247
217 161 165 134 140 174 174 122  93  67  97 176 180 144 118 215
243 165 159 122 159 205 150  93  83  93 115 110  94 108 149 218
218 120  85  83 135 160 107  91 110 142 142 107 121 165 230 249
187 135 102  74  91 119 104 127 164 154 137 120 136 136 151 207
200 144 108  41  65 115 111 132 198 182 134 108 117 109 114 167
223 182 145  77 101 131 118  95 144 183 147 117  95  81 140 166
243 179 172 112 131 136  89  56 141 218 154 109  81  69 133 166
251 195 191 134 125 122 109 120 199 241 156 114 140 133 112 166
252 211 231 219 227 243 246 217 221 249 207 167 166 166 166 217
217 166 166 166 167 205 221 181 183 224 207 167 166 166 166 217
166 112 133 140 114 136 161 136 163 203 151 114 140 133 112 166
166 133  69  81 109 140 136  89 117 148 130 109  81  69 133 166
166 140  81  95 117 124  99  87 114 148 142 117  95  81 140 166
167 114 109 117 108 119 127 121 146 179 140 108 117 109 114 167
207 151 130 142 140 150 160 152 136 127 136 134 147 154 156 207
221 168 137 146 161 152 171 156 125  92 127 184 209 223 207 247
217 161 165 134 140 174 174 122  93  67  97 176 180 144 118 215
243 165 159 122 159 205 150  93  83  93 115 110  94 108 149 218
218 120  85  83 135 160 107  91 110 142 142 107 121 165 230 249
187 135 102  74  91 119 104 127 164 154 137 120 136 136 151 207
200 144 108  41  65 115 111 132 198 182 134 108 117 109 114 167
223 182 145  77 101 131 118  95 144 183 147 117  95  81 140 166
243 179 172 112 131 136  89  56 141 218 154 109  81  69 133 166
251 195 191 134 125 122 109 120 199 241 156 114 140 133 112 166
252 211 231 219 227 243 246 217 221 249 207 167 166 166 166 217
