254 239 239 239 239 250 255 255 255 255 250 239 239 239 239 254
239   0   0   0   0 175 216 207 210 255 175   0   0   0   0 239
239   0   0   0   0 175  48   0  91 255 175   0   0   0   0 239
239   0   0   0   0 175  48 105 150 255 175   0   0   0   0 239
239   0   0   0   0 175  48 239 141 138 175   0   0   0   0 239
250 175 175 175 175 230 190 250 250 190 230 175 175 175 175 250
255 216 113 255 138  48  48  48  48  48 113 164  48  48 216 255
240  13   5  16 141 239  45 224   0   0  80 248 105   0 207 255
254 239 164   7 141  75  13  16 255 207  75 239 105   0 207 255
242  48  48 138 138  48 177 207 207 177  48  48  48  48 177 252
250 175 175 175 175 230  48  75   5  98 175 210 255 200  33 239
239   0   0   0   0 175 138 246  16 207  35 174 255  80   0 239
239   0   0   0   0 175 255 255 150 234 133 174 174  35 117 248
239   0   0   0   0 175 113 244  80 113 230 133  35 121  98 244
239   0   0   0   0 175 216  58 194   9 113 143   0  33   9 239
254 239 239 239 239 250 255 240 254 239 244 248 239 239 239 254
254 239 239 239 239 250 255 255 255 255 250 239 239 239 239 254
239   0   0   0   0 175 216 207 210 255 175   0   0   0   0 239
239   0   0   0   0 175  48   0  91 255 175   0   0   0   0 239
239   0   0   0   0 175  48 105 150 255 175   0   0   0   0 239
239   0   0   0   0 175  48 239 141 138 175   0   0   0   0 239
250 175 175 175 175 230 190 250 250 190 230 175 175 175 175 250
255 216 113 255 138  48  48  48  48  48 113 164  48  48 216 255
240  13   5  16 141 239  45 224   0   0  80 248 105   0 207 255
254 239 164   7 141  75  13  16 255 207  75 239 105   0 207 255
242  48  48 138 138  48 177 207 207 177  48  48  48  48 177 252
250 175 175 175 175 230  48  75   5  98 175 210 255 200  33 239
239   0   0   0   0 175 138 246  16 207  35 174 255  80   0 239
239   0   0   0   0 175 255 255 150 234 133 174 174  35 117 248
239   0   0   0   0 175 113 244  80 113 230 133  35 121  98 244
239   0   0   0   0 175 216  58 194   9 113 143   0  33   9 239
254 239 239 239 239 250 255 240 254 239 244 248 239 239 239 254
254 239 239 239 239 250 255 255 255 255 250 239 239 239 239 254
239   0   0   0   0 175 216 207 210 255 175   0   0   0   0 239
239   0   0   0   0 175  48   0  91 255 175   0   0   0   0 239
239   0   0   0   0 175  48 105 150 255 175   0   0   0   0 239
239   0   0   0   0 175  48 239 141 138 175   0   0   0   0 239
250 175 175 175 175 230 190 250 250 190 230 175 175 175 175 250
255 216 113 255 138  48  48  48  48  48 113 164  48  48 216 255
240  13   5  16 141 239  45 224   0   0  80 248 105   0 207 255
254 239 164   7 141  75  13  16 255 207  75 239 105   0 207 255
242  48  48 138 138  48 177 207 207 177  48  48  48  48 177 252
250 175 175 175 175 230  48  75   5  98 175 210 255 200  33 239
239   0   0   0   0 175 138 246  16 207  35 174 255  80   0 239
239   0   0   0   0 175 255 255 150 234 133 174 174  35 117 248
239   0   0   0   0 175 113 244  80 113 230 133  35 121  98 244
239   0   0   0   0 175 216  58 194   9 113 143   0  33   9 239
254 239 239 239 239 250 255 240 254 239 244 248 239 239 239 254

217 166 166 166 167 205 246 216 212 215 181 195 213 195 213 223
166 112 133 140 114 131 174 124  82  78  51  70 121 112 169 211
166 133  69  81 109 121 100  79  66  78 127 126 101  96  74 173
166 140  81  95 117 121 102  49  47 110 195 200 145  63  57 161
167 114 109 117 108 128 143 108  95 123 178 192 154 103 113 188
207 156 158 160 144 157 140 143 146 121 140 153 161 150 110 191
249 233 200 212 196 176  92  88 165 142 102 106 153 123  94 189
222 195 109 112 116 128  92  92 160 163  99  70 117  92 138 196
220 165  52  47  72 114 114 130 130 129 115 103 151 133 123 185
246 174 100 102 122 154 128 117 100  99 124 148 202 182 171 221
205 131 121 121 119 140 132 115 102 119 135 129 148 139 151 207
167 114 109 117 108 129 130  86 108 146 126 108 117 109 114 167
166 140  81  95 117 148 145  73  77 130 134 117  95  81 140 166
166 133  69  81 109 139 124  45  87 147 129 109  81  69 133 166
166 112 133 140 114 151 161  66 126 196 137 114 140 133 112 166
217 166 166 166 167 207 221 182 196 217 193 167 166 166 166 217
217 166 166 166 167 205 246 216 212 215 181 195 213 195 213 223
166 112 133 140 114 131 174 124  82  78  51  70 121 112 169 211
166 133  69  81 109 121 100  79  66  78 127 126 101  96  74 173
166 140  81  95 117 121 102  49  47 110 195 200 145  63  57 161
167 114 109 117 108 128 143 108  95 123 178 192 154 103 113 188
207 156 158 160 144 157 140 143 146 121 140 153 161 150 110 191
249 233 200 212 196 176  92  88 165 142 102 106 153 123  94 189
222 195 109 112 116 128  92  92 160 163  99  70 117  92 138 196
220 165  52  47  72 114 114 130 130 129 115 103 151 133 123 185
246 174 100 102 122 154 128 117 100  99 124 148 202 182 171 221
205 131 121 121 119 140 132 115 102 119 135 129 148 139 151 207
167 114 109 117 108 129 130  86 108 146 126 108 117 109 114 167
166 140  81  95 117 148 145  73  77 130 134 117  95  81 140 166
166 133  69  81 109 139 124  45  87 147 129 109  81  69 133 166
166 112 133 140 114 151 161  66 126 196 137 114 140 133 112 166
217 166 166 166 167 207 221 182 196 217 193 167 166 166 166 217
217 166 166 166 167 205 246 216 212 215 181 195 213 195 213 223
166 112 133 140 114 131 174 124  82  78  51  70 121 112 169 211
166 133  69  81 109 121 100  79  66  78 127 126 101  96  74 173
166 140  81  95 117 121 102  49  47 110 195 200 145  63  57 161
167 114 109 117 108 128 143 108  95 123 178 192 154 103 113 188
207 156 158 160 144 157 140 143 146 121 140 153 161 150 110 191
249 233 200 212 196 176  92  88 165 142 102 106 153 123  94 189
222 195 109 112 116 128  92  92 160 163  99  70 117  92 138 196
220 165  52  47  72 114 114 130 130 129 115 103 151 133 123 185
246 174 100 102 122 154 128 117 100  99 124 148 202 182 171 221
205 131 121 121 119 140 132 115 102 119 135 129 148 139 151 207
167 114 109 117 108 129 130  86 108 146 126 108 117 109 114 167
166 140  81  95 117 148 145  73  77 130 134 117  95  81 140 166
166 133  69  81 109 139 124  45  87 147 129 109  81  69 133 166
166 112 133 140 114 151 161  66 126 196 137 114 140 133 112 166
217 166 166 166 167 207 221 182 196 217 193 167 166 166 166 217

223 211 173 161 188 191 189 196 185 221 207 167 166 166 166 217
213 169  74  57 113 110  94 138 123 171 151 114 140 133 112 166
195 112  96  63 103 150 123  92 133 182 139 109  81  69 133 166
213 121 101 145 154 161 153 117 151 202 148 117  95  81 140 166
195  70 126 200 192 153 106  70 103 148 129 108 117 109 114 167
181  51 127 195 178 140 102  99 115 124 135 126 134 129 137 193
215  78  78 110 123 121 142 163 129  99 119 146 130 147 196 217
212  82  66  47  95 146 165 160 130 100 102 108  77  87 126 196
216 124  79  49 108 143  88  92 130 117 115  86  73  45  66 182
246 174 100 102 143 140  92  92 114 128 132 130 145 124 161 221
205 131 121 121 128 157 176 128 114 154 140 129 148 139 151 207
167 114 109 117 108 144 196 116  72 122 119 108 117 109 114 167
166 140  81  95 117 160 212 112  47 102 121 117  95  81 140 166
166 133  69  81 109 158 200 109  52 100 121 109  81  69 133 166
166 112 133 140 114 156 233 195 165 174 131 114 140 133 112 166
217 166 166 166 167 207 249 222 220 246 205 167 166 166 166 217
223 211 173 161 188 191 189 196 185 221 207 167 166 166 166 217
213 169  74  57 113 110  94 138 123 171 151 114 140 133 112 166
195 112  96  63 103 150 123  92 133 182 139 109  81  69 133 166
213 121 101 145 154 161 153 117 151 202 148 117  95  81 140 166
195  70 126 200 192 153 106  70 103 148 129 108 117 109 114 167
181  51 127 195 178 140 102  99 115 124 135 126 134 129 137 193
215  78  78 110 123 121 142 163 129  99 119 146 130 147 196 217
212  82  66  47  95 146 165 160 130 100 102 108  77  87 126 196
216 124  79  49 108 143  88  92 130 117 115  86  73  45  66 182
246 174 100 102 143 140  92  92 114 128 132 130 145 124 161 221
205 131 121 121 128 157 176 128 114 154 140 129 148 139 151 207
167 114 109 117 108 144 196 116  72 122 119 108 117 109 114 167
166 140  81  95 117 160 212 112  47 102 121 117  95  81 140 166
166 133  69  81 109 158 200 109  52 100 121 109  81  69 133 166
166 112 133 140 114 156 233 195 165 174 131 114 140 133 112 166
217 166 166 166 167 207 249 222 220 246 205 167 166 166 166 217
223 211 173 161 188 191 189 196 185 221 207 167 166 166 166 217
213 169  74  57 113 110  94 138 123 171 151 114 140 133 112 166
195 112  96  63 103 150 123  92 133 182 139 109  81  69 133 166
213 121 101 145 154 161 153 117 151 202 148 117  95  81 140 166
195  70 126 200 192 153 106  70 103 148 129 108 117 109 114 167
181  51 127 195 178 140 102  99 115 124 135 126 134 129 137 193
215  78  78 110 123 121 142 163 129  99 119 146 130 147 196 217
212  82  66  47  95 146 165 160 130 100 102 108  77  87 126 196
216 124  79  49 108 143  88  92 130 117 115  86  73  45  66 182
246 174 100 102 143 140  92  92 114 128 132 130 145 124 161 221
205 131 121 121 128 157 176 128 114 154 140 129 148 139 151 207
167 114 109 117 108 144 196 116  72 122 119 108 117 109 114 167
166 140  81  95 117 160 212 112  47 102 121 117  95  81 140 166
166 133  69  81 109 158 200 109  52 100 121 109  81  69 133 166
166 112 133 140 114 156 233 195 165 174 131 114 140 133 112 166
217 166 166 166 167 207 249 222 220 246 205 167 166 166 166 217

217 166 166 166 167 193 217 196 182 221 207 167 166 166 166 217
166 112 133 140 114 137 196 126  66 161 151 114 140 133 112 166
166 133  69  81 109 129 147  87  45 124 139 109  81  69 133 166
166 140  81  95 117 134 130  77  73 145 148 117  95  81 140 166
167 114 109 117 108 126 146 108  86 130 129 108 117 109 114 167
207 151 139 148 129 135 119 102 115 132 140 119 121 121 131 205
221 171 182 202 148 124  99 100 117 128 154 122 102 100 174 246
185 123 133 151 103 115 129 130 130 114 114  72  47  52 165 220
196 138  92 117  70  99 163 160  92  92 128 116 112 109 195 222
189  94 123 153 106 102 142 165  88  92 176 196 212 200 233 249
191 110 150 161 153 140 121 146 143 140 157 144 160 158 156 207
188 113 103 154 192 178 123  95 108 143 128 108 117 109 114 167
161  57  63 145 200 195 110  47  49 102 121 117  95  81 140 166
173  74  96 101 126 127  78  66  79 100 121 109  81  69 133 166
211 169 112 121  70  51  78  82 124 174 131 114 140 133 112 166
223 213 195 213 195 181 215 212 216 246 205 167 166 166 166 217
217 166 166 166 167 193 217 196 182 221 207 167 166 166 166 217
166 112 133 140 114 137 196 126  66 161 151 114 140 133 112 166
166 133  69  81 109 129 147  87  45 124 139 109  81  69 133 166
166 140  81  95 117 134 130  77  73 145 148 117  95  81 140 166
167 114 109 117 108 126 146 108  86 130 129 108 117 109 114 167
207 151 139 148 129 135 119 102 115 132 140 119 121 121 131 205
221 171 182 202 148 124  99 100 117 128 154 122 102 100 174 246
185 123 133 151 103 115 129 130 130 114 114  72  47  52 165 220
196 138  92 117  70  99 163 160  92  92 128 116 112 109 195 222
189  94 123 153 106 102 142 165  88  92 176 196 212 200 233 249
191 110 150 161 153 140 121 146 143 140 157 144 160 158 156 207
188 113 103 154 192 178 123  95 108 143 128 108 117 109 114 167
161  57  63 145 200 195 110  47  49 102 121 117  95  81 140 166
173  74  96 101 126 127  78  66  79 100 121 109  81  69 133 166
211 169 112 121  70  51  78  82 124 174 131 114 140 133 112 166
223 213 195 213 195 181 215 212 216 246 205 167 166 166 166 217
217 166 166 166 167 193 217 196 182 221 207 167 166 166 166 217
166 112 133 140 114 137 196 126  66 161 151 114 140 133 112 166
166 133  69  81 109 129 147  87  45 124 139 109  81  69 133 166
166 140  81  95 117 134 130  77  73 145 148 117  95  81 140 166
167 114 109 117 108 126 146 108  86 130 129 108 117 109 114 167
207 151 139 148 129 135 119 102 115 132 140 119 121 121 131 205
221 171 182 202 148 124  99 100 117 128 154 122 102 100 174 246
185 123 133 151 103 115 129 130 130 114 114  72  47  52 165 220
196 138  92 117  70  99 163 160  92  92 128 116 112 109 195 222
189  94 123 153 106 102 142 165  88  92 176 196 212 200 233 249
191 110 150 161 153 140 121 146 143 140 157 144 160 158 156 207
188 113 103 154 192 178 123  95 108 143 128 108 117 109 114 167
161  57  63 145 200 195 110  47  49 102 121 117  95  81 140 166
173  74  96 101 126 127  78  66  79 100 121 109  81  69 133 166
211 169 112 121  70  51  78  82 124 174 131 114 140 133 112 166
223 213 195 213 195 181 215 212 216 246 205 167 166 166 166 217
