254 239 239 239 239 250 242 254 254 242 250 239 239 239 239 254
239   0   0   0   0 175  87 197 239  48 175   0   0   0   0 239
239   0   0   0   0 175 190  11 169 113 175   0   0   0   0 239
239   0   0   0   0 175  48 105 114 164 175   0   0   0   0 239
239   0   0   0   0 175  48 239 239  48 175   0   0   0   0 239
250 175 175 175 175 230 190 250  75  48 230 175 175 175 175 250
255 255 190 138 138 190 255  61   0  48 255 164  48 190  87 242
255 255 250 246 246  86  16   1 224  48 180 114 239 250  48 239
255 252 244 248 239  75 207 255 240  61 250 141 150 244  45 239
255 216 113 164  48  48 177 207 255 246 157 118 234  80   0 239
250 175 175 175 175 230 113  80 175 157 134 143  99 110  80 244
239   0   0   0   0 175 255 150 105  27 178 192 112 133 143 248
239   0   0   0   0 175 138 141 114 143 178 255 255 178  27 239
239   0   0   0   0 175 190  86 169 113 200 156 156  80  15 239
239   0   0   0   0 175 255 210  45  48 175 112 228  65 168 252
254 239 239 239 239 250 255 255 239 242 250 246 255 244 252 255
254 239 239 239 239 250 242 254 254 242 250 239 239 239 239 254
239   0   0   0   0 175  87 197 239  48 175   0   0   0   0 239
239   0   0   0   0 175 190  11 169 113 175   0   0   0   0 239
239   0   0   0   0 175  48 105 114 164 175   0   0   0   0 239
239   0   0   0   0 175  48 239 239  48 175   0   0   0   0 239
250 175 175 175 175 230 190 250  75  48 230 175 175 175 175 250
255 255 190 138 138 190 255  61   0  48 255 164  48 190  87 242
255 255 250 246 246  86  16   1 224  48 180 114 239 250  48 239
255 252 244 248 239  75 207 255 240  61 250 141 150 244  45 239
255 216 113 164  48  48 177 207 255 246 157 118 234  80   0 239
250 175 175 175 175 230 113  80 175 157 134 143  99 110  80 244
239   0   0   0   0 175 255 150 105  27 178 192 112 133 143 248
239   0   0   0   0 175 138 141 114 143 178 255 255 178  27 239
239   0   0   0   0 175 190  86 169 113 200 156 156  80  15 239
239   0   0   0   0 175 255 210  45  48 175 112 228  65 168 252
254 239 239 239 239 250 255 255 239 242 250 246 255 244 252 255
254 239 239 239 239 250 242 254 254 242 250 239 239 239 239 254
239   0   0   0   0 175  87 197 239  48 175   0   0   0   0 239
239   0   0   0   0 175 190  11 169 113 175   0   0   0   0 239
239   0   0   0   0 175  48 105 114 164 175   0   0   0   0 239
239   0   0   0   0 175  48 239 239  48 175   0   0   0   0 239
250 175 175 175 175 230 190 250  75  48 230 175 175 175 175 250
255 255 190 138 138 190 255  61   0  48 255 164  48 190  87 242
255 255 250 246 246  86  16   1 224  48 180 114 239 250  48 239
255 252 244 248 239  75 207 255 240  61 250 141 150 244  45 239
255 216 113 164  48  48 177 207 255 246 157 118 234  80   0 239
250 175 175 175 175 230 113  80 175 157 134 143  99 110  80 244
239   0   0   0   0 175 255 150 105  27 178 192 112 133 143 248
239   0   0   0   0 175 138 141 114 143 178 255 255 178  27 239
239   0   0   0   0 175 190  86 169 113 200 156 156  80  15 239
239   0   0   0   0 175 255 210  45  48 175 112 228  65 168 252
254 239 239 239 239 250 255 255 239 242 250 246 255 244 252 255

217 166 166 166 167 192 188 163 163 168 192 186 159 180 240 252
166 112 133 140 114 124 139  87 101 114 114  86  39 119 182 200
166 133  69  81 109 138 191 130 120 134 111 115 129 118 145 195
166 140  81  95 117 124 142  91  92 151 139 178 207 133 138 224
167 114 109 117 108 130 134  62  66 125 167 193 186 120 123 193
192 120 128 143 134 156 161 129 146 157 170 172 170 149 167 199
211 118 143 160 153 121 108 170 203 192 162 152 160 163 178 192
230 109 146 139 132 116 103 157 193 201 192 162 148 116 100 168
230 104 118 125 146 172 133 120 182 182 181 160 133  98 102 210
211 119 131 122 148 188 150  77 127 151 164 186 160 167 197 247
192 124 138 124 119 163 177 106  93 132 151 151 145 149 155 207
167 114 109 117 108 142 205 195 168 151 120 108 117 109 114 167
166 140  81  95 117 145 204 199 189 185 136 117  95  81 140 166
166 133  69  81 109 149 208 206 196 174 130 109  81  69 133 166
166 112 133 140 114 155 205 207 218 186 132 114 140 133 112 166
217 166 166 166 167 207 247 252 253 246 205 167 166 166 166 217
217 166 166 166 167 192 188 163 163 168 192 186 159 180 240 252
166 112 133 140 114 124 139  87 101 114 114  86  39 119 182 200
166 133  69  81 109 138 191 130 120 134 111 115 129 118 145 195
166 140  81  95 117 124 142  91  92 151 139 178 207 133 138 224
167 114 109 117 108 130 134  62  66 125 167 193 186 120 123 193
192 120 128 143 134 156 161 129 146 157 170 172 170 149 167 199
211 118 143 160 153 121 108 170 203 192 162 152 160 163 178 192
230 109 146 139 132 116 103 157 193 201 192 162 148 116 100 168
230 104 118 125 146 172 133 120 182 182 181 160 133  98 102 210
211 119 131 122 148 188 150  77 127 151 164 186 160 167 197 247
192 124 138 124 119 163 177 106  93 132 151 151 145 149 155 207
167 114 109 117 108 142 205 195 168 151 120 108 117 109 114 167
166 140  81  95 117 145 204 199 189 185 136 117  95  81 140 166
166 133  69  81 109 149 208 206 196 174 130 109  81  69 133 166
166 112 133 140 114 155 205 207 218 186 132 114 140 133 112 166
217 166 166 166 167 207 247 252 253 246 205 167 166 166 166 217
217 166 166 166 167 192 188 163 163 168 192 186 159 180 240 252
166 112 133 140 114 124 139  87 101 114 114  86  39 119 182 200
166 133  69  81 109 138 191 130 120 134 111 115 129 118 145 195
166 140  81  95 117 124 142  91  92 151 139 178 207 133 138 224
167 114 109 117 108 130 134  62  66 125 167 193 186 120 123 193
192 120 128 143 134 156 161 129 146 157 170 172 170 149 167 199
211 118 143 160 153 121 108 170 203 192 162 152 160 163 178 192
230 109 146 139 132 116 103 157 193 201 192 162 148 116 100 168
230 104 118 125 146 172 133 120 182 182 181 160 133  98 102 210
211 119 131 122 148 188 150  77 127 151 164 186 160 167 197 247
192 124 138 124 119 163 177 106  93 132 151 151 145 149 155 207
167 114 109 117 108 142 205 195 168 151 120 108 117 109 114 167
166 140  81  95 117 145 204 199 189 185 136 117  95  81 140 166
166 133  69  81 109 149 208 206 196 174 130 109  81  69 133 166
166 112 133 140 114 155 205 207 218 186 132 114 140 133 112 166
217 166 166 166 167 207 247 252 253 246 205 167 166 166 166 217

252 200 195 224 193 199 192 168 210 247 207 167 166 166 166 217
240 182 145 138 123 167 178 100 102 197 155 114 140 133 112 166
180 119 118 133 120 149 163 116  98 167 149 109  81  69 133 166
159  39 129 207 186 170 160 148 133 160 145 117  95  81 140 166
186  86 115 178 193 172 152 162 160 186 151 108 117 109 114 167
192 114 111 139 167 170 162 192 181 164 151 120 136 130 132 205
168 114 134 151 125 157 192 201 182 151 132 151 185 174 186 246
163 101 120  92  66 146 203 193 182 127  93 168 189 196 218 253
163  87 130  91  62 129 170 157 120  77 106 195 199 206 207 252
188 139 191 142 134 161 108 103 133 150 177 205 204 208 205 247
192 124 138 124 130 156 121 116 172 188 163 142 145 149 155 207
167 114 109 117 108 134 153 132 146 148 119 108 117 109 114 167
166 140  81  95 117 143 160 139 125 122 124 117  95  81 140 166
166 133  69  81 109 128 143 146 118 131 138 109  81  69 133 166
166 112 133 140 114 120 118 109 104 119 124 114 140 133 112 166
217 166 166 166 167 192 211 230 230 211 192 167 166 166 166 217
252 200 195 224 193 199 192 168 210 247 207 167 166 166 166 217
240 182 145 138 123 167 178 100 102 197 155 114 140 133 112 166
180 119 118 133 120 149 163 116  98 167 149 109  81  69 133 166
159  39 129 207 186 170 160 148 133 160 145 117  95  81 140 166
186  86 115 178 193 172 152 162 160 186 151 108 117 109 114 167
192 114 111 139 167 170 162 192 181 164 151 120 136 130 132 205
168 114 134 151 125 157 192 201 182 151 132 151 185 174 186 246
163 101 120  92  66 146 203 193 182 127  93 168 189 196 218 253
163  87 130  91  62 129 170 157 120  77 106 195 199 206 207 252
188 139 191 142 134 161 108 103 133 150 177 205 204 208 205 247
192 124 138 124 130 156 121 116 172 188 163 142 145 149 155 207
167 114 109 117 108 134 153 132 146 148 119 108 117 109 114 167
166 140  81  95 117 143 160 139 125 122 124 117  95  81 140 166
166 133  69  81 109 128 143 146 118 131 138 109  81  69 133 166
166 112 133 140 114 120 118 109 104 119 124 114 140 133 112 166
217 166 166 166 167 192 211 230 230 211 192 167 166 166 166 217
252 200 195 224 193 199 192 168 210 247 207 167 166 166 166 217
240 182 145 138 123 167 178 100 102 197 155 114 140 133 112 166
180 119 118 133 120 149 163 116  98 167 149 109  81  69 133 166
159  39 129 207 186 170 160 148 133 160 145 117  95  81 140 166
186  86 115 178 193 172 152 162 160 186 151 108 117 109 114 167
192 114 111 139 167 170 162 192 181 164 151 120 136 130 132 205
168 114 134 151 125 157 192 201 182 151 132 151 185 174 186 246
163 101 120  92  66 146 203 193 182 127  93 168 189 196 218 253
163  87 130  91  62 129 170 157 120  77 106 195 199 206 207 252
188 139 191 142 134 161 108 103 133 150 177 205 204 208 205 247
192 124 138 124 130 156 121 116 172 188 163 142 145 149 155 207
167 114 109 117 108 134 153 132 146 148 119 108 117 109 114 167
166 140  81  95 117 143 160 139 125 122 124 117  95  81 140 166
166 133  69  81 109 128 143 146 118 131 138 109  81  69 133 166
166 112 133 140 114 120 118 109 104 119 124 114 140 133 112 166
217 166 166 166 167 192 211 230 230 211 192 167 166 166 166 217

217 166 166 166 167 205 246 253 252 247 207 167 166 166 166 217
166 112 133 140 114 132 186 218 207 205 155 114 140 133 112 166
166 133  69  81 109 130 174 196 206 208 149 109  81  69 133 166
166 140  81  95 117 136 185 189 199 204 145 117  95  81 140 166
167 114 109 117 108 120 151 168 195 205 142 108 117 109 114 167
207 155 149 145 151 151 132  93 106 177 163 119 124 138 124 192
247 197 167 160 186 164 151 127  77 150 188 148 122 131 119 211
210 102  98 133 160 181 182 182 120 133 172 146 125 118 104 230
168 100 116 148 162 192 201 193 157 103 116 132 139 146 109 230
192 178 163 160 152 162 192 203 170 108 121 153 160 143 118 211
199 167 149 170 172 170 157 146 129 161 156 134 143 128 120 192
193 123 120 186 193 167 125  66  62 134 130 108 117 109 114 167
224 138 133 207 178 139 151  92  91 142 124 117  95  81 140 166
195 145 118 129 115 111 134 120 130 191 138 109  81  69 133 166
200 182 119  39  86 114 114 101  87 139 124 114 140 133 112 166
252 240 180 159 186 192 168 163 163 188 192 167 166 166 166 217
217 166 166 166 167 205 246 253 252 247 207 167 166 166 166 217
166 112 133 140 114 132 186 218 207 205 155 114 140 133 112 166
166 133  69  81 109 130 174 196 206 208 149 109  81  69 133 166
166 140  81  95 117 136 185 189 199 204 145 117  95  81 140 166
167 114 109 117 108 120 151 168 195 205 142 108 117 109 114 167
207 155 149 145 151 151 132  93 106 177 163 119 124 138 124 192
247 197 167 160 186 164 151 127  77 150 188 148 122 131 119 211
210 102  98 133 160 181 182 182 120 133 172 146 125 118 104 230
168 100 116 148 162 192 201 193 157 103 116 132 139 146 109 230
192 178 163 160 152 162 192 203 170 108 121 153 160 143 118 211
199 167 149 170 172 170 157 146 129 161 156 134 143 128 120 192
193 123 120 186 193 167 125  66  62 134 130 108 117 109 114 167
224 138 133 207 178 139 151  92  91 142 124 117  95  81 140 166
195 145 118 129 115 111 134 120 130 191 138 109  81  69 133 166
200 182 119  39  86 114 114 101  87 139 124 114 140 133 112 166
252 240 180 159 186 192 168 163 163 188 192 167 166 166 166 217
217 166 166 166 167 205 246 253 252 247 207 167 166 166 166 217
166 112 133 140 114 132 186 218 207 205 155 114 140 133 112 166
166 133  69  81 109 130 174 196 206 208 149 109  81  69 133 166
166 140  81  95 117 136 185 189 199 204 145 117  95  81 140 166
167 114 109 117 108 120 151 168 195 205 142 108 117 109 114 167
207 155 149 145 151 151 132  93 106 177 163 119 124 138 124 192
247 197 167 160 186 164 151 127  77 150 188 148 122 131 119 211
210 102  98 133 160 181 182 182 120 133 172 146 125 118 104 230
168 100 116 148 162 192 201 193 157 103 116 132 139 146 109 230
192 178 163 160 152 162 192 203 170 108 121 153 160 143 118 211
199 167 149 170 172 170 157 146 129 161 156 134 143 128 120 192
193 123 120 186 193 167 125  66  62 134 130 108 117 109 114 167
224 138 133 207 178 139 151  92  91 142 124 117  95  81 140 166
195 145 118 129 115 111 134 120 130 191 138 109  81  69 133 166
200 182 119  39  86 114 114 101  87 139 124 114 140 133 112 166
252 240 180 159 186 192 168 163 163 188 192 167 166 166 166 217
