254 239 239 239 239 250 255 240 239 242 250 239 239 239 239 254
239   0   0   0   0 175 255  16  48  87 175   0   0   0   0 239
239   0   0   0   0 175 255  91 255 255 175   0   0   0   0 239
239   0   0   0   0 175 164 248 255 255 175   0   0   0   0 239
239   0   0   0   0 175  48 239 246 138 175   0   0   0   0 239
250 175 175 175 175 230  48  75  75  48 230 175 175 175 175 250
255 216  48 138 138  48   9 194  13 177  48  48 164 255 255 255
255 252 239 141 141 239  45  15 225  58 239 239 248  91  16 240
254 194  80 143 134 239 239  30  16 252 244 248 248 244 252 255
242  48 113 164  48  48   9 194  16 207  80 164 164  80 207 255
250 175 175 175 175 230  48  75  11 142  55 175 220  80 207 255
239   0   0   0   0 175 138 141   7 112  77  49 129 122 137 248
239   0   0   0   0 175 138 141 141 112  77  49 129 220 164 248
239   0   0   0   0 175  48 239 239   0   0   0  45  80 222 255
239   0   0   0   0 175 216 252 239  39 207 207  91 142 246 255
254 239 239 239 239 250 255 255 254 242 255 255 246 250 255 255
254 239 239 239 239 250 255 240 239 242 250 239 239 239 239 254
239   0   0   0   0 175 255  16  48  87 175   0   0   0   0 239
239   0   0   0   0 175 255  91 255 255 175   0   0   0   0 239
239   0   0   0   0 175 164 248 255 255 175   0   0   0   0 239
239   0   0   0   0 175  48 239 246 138 175   0   0   0   0 239
250 175 175 175 175 230  48  75  75  48 230 175 175 175 175 250
255 216  48 138 138  48   9 194  13 177  48  48 164 255 255 255
255 252 239 141 141 239  45  15 225  58 239 239 248  91  16 240
254 194  80 143 134 239 239  30  16 252 244 248 248 244 252 255
242  48 113 164  48  48   9 194  16 207  80 164 164  80 207 255
250 175 175 175 175 230  48  75  11 142  55 175 220  80 207 255
239   0   0   0   0 175 138 141   7 112  77  49 129 122 137 248
239   0   0   0   0 175 138 141 141 112  77  49 129 220 164 248
239   0   0   0   0 175  48 239 239   0   0   0  45  80 222 255
239   0   0   0   0 175 216 252 239  39 207 207  91 142 246 255
254 239 239 239 239 250 255 255 254 242 255 255 246 250 255 255
254 239 239 239 239 250 255 240 239 242 250 239 239 239 239 254
239   0   0   0   0 175 255  16  48  87 175   0   0   0   0 239
239   0   0   0   0 175 255  91 255 255 175   0   0   0   0 239
239   0   0   0   0 175 164 248 255 255 175   0   0   0   0 239
239   0   0   0   0 175  48 239 246 138 175   0   0   0   0 239
250 175 175 175 175 230  48  75  75  48 230 175 175 175 175 250
255 216  48 138 138  48   9 194  13 177  48  48 164 255 255 255
255 252 239 141 141 239  45  15 225  58 239 239 248  91  16 240
254 194  80 143 134 239 239  30  16 252 244 248 248 244 252 255
242  48 113 164  48  48   9 194  16 207  80 164 164  80 207 255
250 175 175 175 175 230  48  75  11 142  55 175 220  80 207 255
239   0   0   0   0 175 138 141   7 112  77  49 129 122 137 248
239   0   0   0   0 175 138 141 141 112  77  49 129 220 164 248
239   0   0   0   0 175  48 239 239   0   0   0  45  80 222 255
239   0   0   0   0 175 216 252 239  39 207 207  91 142 246 255
254 239 239 239 239 250 255 255 254 242 255 255 246 250 255 255

217 166 166 166 167 207 221 185 215 251 235 198 203 231 211 252
166 112 133 140 114 156 174 120 189 190 130 140 156 186 203 250
166 133  69  81 109 154 185 128 157 143 100 147 178 117 164 231
166 140  81  95 117 147 189 155 173 189 162 155 151  93  91 197
167 114 109 117 108 134 161 133 174 190 152 168 150 113 153 214
192 124 150 159 143 142 145 133 169 172 117 147 120  61 135 226
186 107 211 240 207 133 117 118 129 123  81 115 125  75  81 213
163  88 162 194 149 108 111 165 134  90  87  82 116 109  65 197
182 154 140 175 139 110 103 141 136  96 115 134 133 122 106 215
224 209 196 205 184 127  86 112 142 113 127 184 174 156 194 247
207 156 154 147 134 136 132 122 132 140 136 140 142 130 151 207
167 114 109 117 108 140 161  79  71 144 134 108 117 109 114 167
166 140  81  95 117 142 159  78  76 160 143 117  95  81 140 166
166 133  69  81 109 130 156  98  76 144 134 109  81  69 133 166
166 112 133 140 114 151 194 142 156 190 138 114 140 133 112 166
217 166 166 166 167 207 247 249 235 217 193 167 166 166 166 217
217 166 166 166 167 207 221 185 215 251 235 198 203 231 211 252
166 112 133 140 114 156 174 120 189 190 130 140 156 186 203 250
166 133  69  81 109 154 185 128 157 143 100 147 178 117 164 231
166 140  81  95 117 147 189 155 173 189 162 155 151  93  91 197
167 114 109 117 108 134 161 133 174 190 152 168 150 113 153 214
192 124 150 159 143 142 145 133 169 172 117 147 120  61 135 226
186 107 211 240 207 133 117 118 129 123  81 115 125  75  81 213
163  88 162 194 149 108 111 165 134  90  87  82 116 109  65 197
182 154 140 175 139 110 103 141 136  96 115 134 133 122 106 215
224 209 196 205 184 127  86 112 142 113 127 184 174 156 194 247
207 156 154 147 134 136 132 122 132 140 136 140 142 130 151 207
167 114 109 117 108 140 161  79  71 144 134 108 117 109 114 167
166 140  81  95 117 142 159  78  76 160 143 117  95  81 140 166
166 133  69  81 109 130 156  98  76 144 134 109  81  69 133 166
166 112 133 140 114 151 194 142 156 190 138 114 140 133 112 166
217 166 166 166 167 207 247 249 235 217 193 167 166 166 166 217
217 166 166 166 167 207 221 185 215 251 235 198 203 231 211 252
166 112 133 140 114 156 174 120 189 190 130 140 156 186 203 250
166 133  69  81 109 154 185 128 157 143 100 147 178 117 164 231
166 140  81  95 117 147 189 155 173 189 162 155 151  93  91 197
167 114 109 117 108 134 161 133 174 190 152 168 150 113 153 214
192 124 150 159 143 142 145 133 169 172 117 147 120  61 135 226
186 107 211 240 207 133 117 118 129 123  81 115 125  75  81 213
163  88 162 194 149 108 111 165 134  90  87  82 116 109  65 197
182 154 140 175 139 110 103 141 136  96 115 134 133 122 106 215
224 209 196 205 184 127  86 112 142 113 127 184 174 156 194 247
207 156 154 147 134 136 132 122 132 140 136 140 142 130 151 207
167 114 109 117 108 140 161  79  71 144 134 108 117 109 114 167
166 140  81  95 117 142 159  78  76 160 143 117  95  81 140 166
166 133  69  81 109 130 156  98  76 144 134 109  81  69 133 166
166 112 133 140 114 151 194 142 156 190 138 114 140 133 112 166
217 166 166 166 167 207 247 249 235 217 193 167 166 166 166 217

252 250 231 197 214 226 213 197 215 247 207 167 166 166 166 217
211 203 164  91 153 135  81  65 106 194 151 114 140 133 112 166
231 186 117  93 113  61  75 109 122 156 130 109  81  69 133 166
203 156 178 151 150 120 125 116 133 174 142 117  95  81 140 166
198 140 147 155 168 147 115  82 134 184 140 108 117 109 114 167
235 130 100 162 152 117  81  87 115 127 136 134 143 134 138 193
251 190 143 189 190 172 123  90  96 113 140 144 160 144 190 217
215 189 157 173 174 169 129 134 136 142 132  71  76  76 156 235
185 120 128 155 133 133 118 165 141 112 122  79  78  98 142 249
221 174 185 189 161 145 117 111 103  86 132 161 159 156 194 247
207 156 154 147 134 142 133 108 110 127 136 140 142 130 151 207
167 114 109 117 108 143 207 149 139 184 134 108 117 109 114 167
166 140  81  95 117 159 240 194 175 205 147 117  95  81 140 166
166 133  69  81 109 150 211 162 140 196 154 109  81  69 133 166
166 112 133 140 114 124 107  88 154 209 156 114 140 133 112 166
217 166 166 166 167 192 186 163 182 224 207 167 166 166 166 217
252 250 231 197 214 226 213 197 215 247 207 167 166 166 166 217
211 203 164  91 153 135  81  65 106 194 151 114 140 133 112 166
231 186 117  93 113  61  75 109 122 156 130 109  81  69 133 166
203 156 178 151 150 120 125 116 133 174 142 117  95  81 140 166
198 140 147 155 168 147 115  82 134 184 140 108 117 109 114 167
235 130 100 162 152 117  81  87 115 127 136 134 143 134 138 193
251 190 143 189 190 172 123  90  96 113 140 144 160 144 190 217
215 189 157 173 174 169 129 134 136 142 132  71  76  76 156 235
185 120 128 155 133 133 118 165 141 112 122  79  78  98 142 249
221 174 185 189 161 145 117 111 103  86 132 161 159 156 194 247
207 156 154 147 134 142 133 108 110 127 136 140 142 130 151 207
167 114 109 117 108 143 207 149 139 184 134 108 117 109 114 167
166 140  81  95 117 159 240 194 175 205 147 117  95  81 140 166
166 133  69  81 109 150 211 162 140 196 154 109  81  69 133 166
166 112 133 140 114 124 107  88 154 209 156 114 140 133 112 166
217 166 166 166 167 192 186 163 182 224 207 167 166 166 166 217
252 250 231 197 214 226 213 197 215 247 207 167 166 166 166 217
211 203 164  91 153 135  81  65 106 194 151 114 140 133 112 166
231 186 117  93 113  61  75 109 122 156 130 109  81  69 133 166
203 156 178 151 150 120 125 116 133 174 142 117  95  81 140 166
198 140 147 155 168 147 115  82 134 184 140 108 117 109 114 167
235 130 100 162 152 117  81  87 115 127 136 134 143 134 138 193
251 190 143 189 190 172 123  90  96 113 140 144 160 144 190 217
215 189 157 173 174 169 129 134 136 142 132  71  76  76 156 235
185 120 128 155 133 133 118 165 141 112 122  79  78  98 142 249
221 174 185 189 161 145 117 111 103  86 132 161 159 156 194 247
207 156 154 147 134 142 133 108 110 127 136 140 142 130 151 207
167 114 109 117 108 143 207 149 139 184 134 108 117 109 114 167
166 140  81  95 117 159 240 194 175 205 147 117  95  81 140 166
166 133  69  81 109 150 211 162 140 196 154 109  81  69 133 166
166 112 133 140 114 124 107  88 154 209 156 114 140 133 112 166
217 166 166 166 167 192 186 163 182 224 207 167 166 166 166 217

217 166 166 166 167 193 217 235 249 247 207 167 166 166 166 217
166 112 133 140 114 138 190 156 142 194 151 114 140 133 112 166
166 133  69  81 109 134 144  76  98 156 130 109  81  69 133 166
166 140  81  95 117 143 160  76  78 159 142 117  95  81 140 166
167 114 109 117 108 134 144  71  79 161 140 108 117 109 114 167
207 151 130 142 140 136 140 132 122 132 136 134 147 154 156 207
247 194 156 174 184 127 113 142 112  86 127 184 205 196 209 224
215 106 122 133 134 115  96 136 141 103 110 139 175 140 154 182
197  65 109 116  82  87  90 134 165 111 108 149 194 162  88 163
213  81  75 125 115  81 123 129 118 117 133 207 240 211 107 186
226 135  61 120 147 117 172 169 133 145 142 143 159 150 124 192
214 153 113 150 168 152 190 174 133 161 134 108 117 109 114 167
197  91  93 151 155 162 189 173 155 189 147 117  95  81 140 166
231 164 117 178 147 100 143 157 128 185 154 109  81  69 133 166
250 203 186 156 140 130 190 189 120 174 156 114 140 133 112 166
252 211 231 203 198 235 251 215 185 221 207 167 166 166 166 217
217 166 166 166 167 193 217 235 249 247 207 167 166 166 166 217
166 112 133 140 114 138 190 156 142 194 151 114 140 133 112 166
166 133  69  81 109 134 144  76  98 156 130 109  81  69 133 166
166 140  81  95 117 143 160  76  78 159 142 117  95  81 140 166
167 114 109 117 108 134 144  71  79 161 140 108 117 109 114 167
207 151 130 142 140 136 140 132 122 132 136 134 147 154 156 207
247 194 156 174 184 127 113 142 112  86 127 184 205 196 209 224
215 106 122 133 134 115  96 136 141 103 110 139 175 140 154 182
197  65 109 116  82  87  90 134 165 111 108 149 194 162  88 163
213  81  75 125 115  81 123 129 118 117 133 207 240 211 107 186
226 135  61 120 147 117 172 169 133 145 142 143 159 150 124 192
214 153 113 150 168 152 190 174 133 161 134 108 117 109 114 167
197  91  93 151 155 162 189 173 155 189 147 117  95  81 140 166
231 164 117 178 147 100 143 157 128 185 154 109  81  69 133 166
250 203 186 156 140 130 190 189 120 174 156 114 140 133 112 166
252 211 231 203 198 235 251 215 185 221 207 167 166 166 166 217
217 166 166 166 167 193 217 235 249 247 207 167 166 166 166 217
166 112 133 140 114 138 190 156 142 194 151 114 140 133 112 166
166 133  69  81 109 134 144  76  98 156 130 109  81  69 133 166
166 140  81  95 117 143 160  76  78 159 142 117  95  81 140 166
167 114 109 117 108 134 144  71  79 161 140 108 117 109 114 167
207 151 130 142 140 136 140 132 122 132 136 134 147 154 156 207
247 194 156 174 184 127 113 142 112  86 127 184 205 196 209 224
215 106 122 133 134 115  96 136 141 103 110 139 175 140 154 182
197  65 109 116  82  87  90 134 165 111 108 149 194 162  88 163
213  81  75 125 115  81 123 129 118 117 133 207 240 211 107 186
226 135  61 120 147 117 172 169 133 145 142 143 159 150 124 192
214 153 113 150 168 152 190 174 133 161 134 108 117 109 114 167
197  91  93 151 155 162 189 173 155 189 147 117  95  81 140 166
231 164 117 178 147 100 143 157 128 185 154 109  81  69 133 166
250 203 186 156 140 130 190 189 120 174 156 114 140 133 112 166
252 211 231 203 198 235 251 215 185 221 207 167 166 166 166 217
